 ASA #,%,Tattoo,Wt.,days,DAM,   SIRE,Stature, Capacity ,Length,Front Feet,Rear Feet ,Hind Angle,Do Ability,Docility,Grade,Udd. Att.,Udd. Dep.,Tit Size,Notes,Api,Ti,CE EPD,BW EPD,WW EPD,YW EPD,MCE EPD,MILK EPD,MWW EPD,YG EPD,MARB EPD,BF EPD,
2707837,1/2 Simmental,428A,1360,92,184W,A A R TEN X 7008 S A,3,2,4,2,3,3,2,2,2,3,3,2,,160.6,83.3,14.2,0.2,73.6,120.3,8.5,17.2,54,-0.15,0.6,-0.024,
2954464,1/2 Simmental,528C,1175,68,323Z,B/R DOUBLE VISION 2078,2,2,3,4,4,3,2,1,3,4,3,3,,146.4,75.5,14,-0.1,57.7,93.9,7.6,26.5,55.3,-0.22,0.61,-0.033,
2960642,3/8 Simmental,810C,1260,84,138Y,B/R DOUBLE VISION 2078,2,3,3,3,3,4,2,1,3,2,2,2,,135.8,73.3,14.3,-1.6,53.9,90.2,7.3,28.8,55.7,-0.13,0.66,-0.016,
2960643,1/2 Simmental,820C,1110,79,098X,B/R DOUBLE VISION 2078,2,2,3,3,3,3,2,1,3,3,2,3,,148.9,77.5,15.8,0.4,61.5,95.8,8.8,25.4,56.2,-0.13,0.65,-0.008,
2832165,,549B,1470,93,296Y,B/R DOUBLE VISION 2078,3,3,3,3,3,3,4,1,3,2,2,2,,,,,,,,,,,,,,
2954556,1/2 Simmental,611C,1230,82,037TS,B/R DOUBLE VISION 2078,3,3,3,4,3,3,3,1,4,4,4,3,,132.5,69.8,7.4,2.6,62,97.8,3.5,25.1,56.1,-0.24,0.46,-0.031,
2954695,1/2 Simmental,770C,1310,101,281Y,B/R DOUBLE VISION 2078,3,3,3,3,3,3,3,1,4,4,4,4,,140.3,75.6,10.1,1.3,60.8,99.7,5.8,30,60.4,-0.19,0.62,-0.039,
3088828,1/2 Simmental,799D,1225,103,912TS,CCR SPARTAN 9124A,3,3,3,3,2,3,4,2,3,4,3,3,,145.6,74.4,12.5,-0.5,64.2,99.9,7.6,18,50.1,-0.04,0.49,-0.01,
2954611,1/2 Simmental,658C,1405,100,582A,CONNEALY BALANCE,3,3,3,3,3,3,4,1,4,4,4,4,,134.4,67.1,14.8,-1,55.4,83.8,7.6,25.5,53.2,-0.1,0.33,-0.024,
2523596,1/2 Simmental,026W,1580,100,441P,G A R PREDESTINED,3,4,3,3,3,3,4,2,4,3,3,4,,157,80.3,13.5,0.5,62.1,100.2,6.1,23.8,54.7,-0.05,0.76,-0.003,
2472913,1/2 Simmental,664U,1545,87,403N,G A R PREDESTINED,3,3,3,3,2,3,3,1,3,3,3,3,,147.1,73.7,16.6,1.1,59.6,90.8,8.6,24.2,53.9,-0.12,0.59,-0.049,
2604255,1/2 Simmental,195X,1460,43,072K,G A R PREDESTINED,4,2,3,3,3,3,3,1,3,3,3,2,,144.9,71.6,13.5,-0.2,51.6,79.4,9,29.3,55,-0.18,0.62,-0.038,
2707882,5/8 Simmental,200A,1360,96,124X,GIBBS 0540X HY LEWISTOWN,2,3,3,3,3,3,4,2,4,4,4,4,,162.3,75.6,18.7,-1.6,54.8,84.4,10.4,23.2,50.5,-0.21,0.62,-0.031,
2604289,1/2 Simmental,005X,1355,90,918TS,GW AMBUSH 028T,3,3,4,4,3,3,3,1,3,2,3,3,,157.8,73.4,20,-2.7,48.6,73.3,10.9,21.7,45.9,-0.22,0.61,-0.045,
3088496,5/8 Simmental,019D,1195,86,030X,GW BAR CK BREAKOUT 667Z,2,4,3,3,3,3,4,1,4,4,4,3,,150.6,76.6,13.3,-1.3,60.4,98.1,8,24.2,54.2,-0.26,0.52,-0.057,
2832132,3/8 Simmental,434B,1525,95,211Z,GW BLUE MOON 763Y,3,3,4,3,3,3,3,1,3,3,3,3,,141.1,73.5,15.4,-1.3,60.8,98.6,8.4,19.8,50.1,-0.22,0.53,-0.036,
3088737,5/8 Simmental,790D,1175,85,928A,GW CARRY ON Z0219,3,2,4,3,3,3,2,1,3,4,4,4,,140.8,78.4,12.1,0,70.4,113.1,7.2,23.9,59.1,-0.27,0.44,-0.058,
3088861,5/8 Simmental,821D,1225,82,300A,GW CARRY ON Z0219,3,3,3,3,3,3,3,1,4,4,4,3,,149,78.8,15.6,-1.6,68.6,108.9,9.1,24.5,58.7,-0.3,0.4,-0.06,
2832401,Purebred,577B,1240,101,639U,GW COMFORT ZONE 651Y,2,2,4,3,3,2,3,1,3,4,4,4,,144.3,73.1,16.5,0.2,62.3,98.6,5.4,28.8,59.9,-0.4,0.18,-0.08,
2832357,Purebred,587B,1305,94,001W,GW COMFORT ZONE 651Y,2,3,4,3,3,3,3,2,3,3,3,3,,159.4,73.6,18,-3.7,56.4,88.9,5.2,23.8,52,-0.49,0.15,-0.102,
2708263,Purebred,426A,1435,76,571T,GW COMFORT ZONE 651Y,3,3,4,3,3,3,3,1,3,3,2,3,,140.4,66.5,11.4,0.5,62.3,95.6,1.2,23.1,54.2,-0.36,-0.01,-0.081,
2708246,Purebred,508A,1505,96,826TS,GW COMFORT ZONE 651Y,4,2,4,1,3,3,2,1,1,3,2,3,crack,136.2,70.3,10.1,1.1,65.6,100.1,2.8,24,56.8,-0.44,0.08,-0.087,
3088642,Purebred,708D,1155,101,180X,GW END ZONE 135B,2,3,4,4,4,4,3,2,4,4,4,4,,174.9,80.2,15.1,-2.4,55.3,86.2,6.3,26.6,54.3,-0.32,0.54,-0.059,
2711770,Purebred,437A,1455,84,570U,GW GAME CHANGER 823Y,3,3,4,3,3,3,3,1,3,2,2,2,,145.8,80.5,12.1,1.6,71.8,112.7,5.9,19.5,55.4,-0.48,0.35,-0.106,
3088773,5/8 Simmental,782D,1065,79,476A,GW GOLDEN EAGLE 015B,2,2,3,3,3,3,2,1,2,4,4,2,,147.4,71.6,18.3,-2.2,60,98.1,9.2,27.2,57.2,-0.2,0.28,-0.05,
2792922,Purebred,344Z,1525,96,310M,GW LUCKY ACE 076TS,2,3,4,3,3,3,4,2,3,3,2,2,,143.6,69.6,11.4,2.3,57.7,92.3,6.4,26.9,55.7,-0.55,0.25,-0.14,
2523595,3/4 Simmental,025W,1610,101,827R,GW LUCKY ACE 076TS,3,3,4,4,3,4,3,2,3,2,2,3,,127,68,7.7,3.3,67.2,102,6.3,17.9,51.3,-0.31,0.3,-0.076,
2523506,5/8 Simmental,215W,1445,66,360K,GW LUCKY ACE 076TS,3,3,3,4,3,4,3,2,4,3,3,3,,126.7,62.6,16.5,-0.6,53,81.5,9.6,18.4,44.8,-0.3,0.21,-0.069,
2523683,5/8 Simmental,527W,1710,96,704R,GW LUCKY ACE 076TS,3,4,3,3,4,3,4,1,4,3,3,3,,117,58.7,9.1,2.8,61.1,94,3.6,21.3,51.8,-0.33,0.04,-0.067,
2473392,5/8 Simmental,676U,1725,92,115N,GW LUCKY ACE 076TS,4,3,3,3,3,3,2,1,3,3,3,3,,133.9,69.6,9.6,2.6,62.3,98.4,6.7,26,57.1,-0.29,0.41,-0.064,
2523692,3/4 Simmental,908W,1610,81,977TS,GW LUCKY ACE 076TS,4,3,3,3,3,3,2,1,2,1,2,2,,127,69.8,10.1,3.2,69.8,109.2,5.8,23.9,58.8,-0.3,0.27,-0.075,
2604174,5/8 Simmental,070X,1455,93,704R,GW LUCKY BOY 252U,2,4,3,2,3,3,3,1,3,2,2,4,crack,152.1,68.1,18.1,-2,52.9,79.7,8.8,30.9,57.3,-0.27,0.31,-0.051,
2473340,3/4 Simmental,561U,1315,87,728R,GW LUCKY CHARM 069TS,2,3,3,3,2,3,2,1,2,3,2,3,,135.7,65.4,14.8,-1.2,51.3,81.3,8,38.4,64,-0.24,0.26,-0.083,
2472978,5/8 Simmental,836U,1425,81,197N,GW LUCKY CHARM 129R,2,3,3,3,2,3,3,1,3,4,4,3,lump,115.2,58.3,12.4,0,50.6,79.5,4.9,22.8,48,-0.06,0.17,-0.012,
2714718,5/8 Simmental,064X,1355,74,516T,GW LUCKY CHARM 182U,3,3,3,3,3,3,3,1,4,4,3,4,,151.3,71.4,15.4,-0.6,52.7,85.8,8.9,24.4,50.7,-0.15,0.56,-0.039,
2792985,Purebred,449Z,1625,87,825M,GW LUCKY CHARM 182U,4,3,4,3,3,3,3,1,4,4,3,4,,153.4,71.6,15.3,-0.6,55.1,86.8,7.2,25.9,53.4,-0.4,0.27,-0.109,
2472951,3/4 Simmental,795U,1240,81,119N,GW LUCKY CHARM 321R,2,3,3,2,2,3,2,1,3,3,3,4,,159.9,63.8,21.6,-3.3,44.9,70,8.7,36.9,59.3,-0.14,0.26,-0.042,
2424278,3/4 Simmental,632T,1715,45,804P,GW LUCKY CHARM 321R,3,4,3,4,3,3,3,1,4,4,3,3,,145.7,67.6,15.1,0.6,63.9,101.2,6.9,33.6,65.5,-0.13,0.17,-0.053,
2604287,5/8 Simmental,256X,1405,80,803TS,GW LUCKY CHARM 665K,3,3,3,4,3,3,3,1,3,3,3,2,,136.5,65.4,14.4,-1.3,50,81.4,7.5,32,56.9,-0.23,0.32,-0.058,
2566661,5/8 Simmental,728U,1645,93,757R,GW LUCKY CHARM 665K,3,3,3,4,3,3,3,1,3,2,3,3,,136.9,70.3,17.4,-0.2,60.8,99.1,8.5,28.6,58.9,-0.23,0.3,-0.073,
2424397,Purebred,761T,1455,63,258M,GW LUCKY CHARM 665K,3,3,4,4,3,3,3,1,4,3,3,3,,160,72.6,19.3,-1.3,52.4,82.2,9.6,31.5,57.6,-0.52,0.28,-0.144,
2523497,5/8 Simmental,182W,1575,45,115N,GW LUCKY CHARM 665K,4,2,4,4,3,3,3,1,2,3,3,3,,131.2,68,12.9,0.7,61.6,97,6.9,29.9,60.7,-0.28,0.25,-0.073,
2473375,5/8 Simmental,640U,1585,63,723R,GW LUCKY CHARM 665K,4,3,4,3,2,3,3,2,3,2,2,3,,137.4,68.2,14,-1,57.9,93.9,7,39,67.9,-0.24,0.22,-0.081,
2597100,Purebred,087W,1480,68,144N,GW LUCKY ONE 686K,3,3,3,4,3,3,2,1,3,2,2,2,,142.4,70.7,9.2,2.4,59.5,91.9,4.5,31.1,60.8,-0.42,0.29,-0.104,
3088556,5/8 Simmental,025D,1340,96,795U,GW MARSHALL 756A,2,4,3,3,3,3,4,1,4,4,4,4,,156.7,77.6,16.6,-1.8,65.6,102.2,6.6,24.5,57.1,-0.19,0.42,-0.036,
2954507,1/2 Simmental,580C,1230,91,778T,GW MARSHALL 756A,3,3,4,4,3,3,3,1,4,4,3,4,,151.6,78.5,13.4,0.6,66.4,104.6,7.3,23.9,57.1,-0.15,0.59,-0.02,
2523512,1/2 Simmental,228W,1290,86,849P,GW NEBULA 008T,2,3,3,3,3,3,3,2,2,2,3,3,,130.5,61.2,15.7,-2.4,50.4,71.9,6.8,26.3,51.5,-0.21,0.13,-0.042,
2604152,5/8 Simmental,017X,1380,44,522T,GW NEBULA 008T,3,3,3,3,3,3,3,2,4,4,4,4,,129.4,57.6,13.9,-2.8,46.2,66.6,8,27.3,50.2,-0.26,0.04,-0.057,
2604268,3/4 Simmental,304X,1480,98,284L,GW NEBULA 008T,3,4,3,3,3,3,3,1,4,3,3,3,,127.4,57.4,14.6,-1.1,49.8,72.5,4.4,23.3,48.1,-0.26,0.06,-0.068,
2523663,1/2 Simmental,177W,1720,96,847R,GW NEBULA 008T,4,3,4,3,3,3,3,1,4,3,3,4,,115.7,61,4.9,1.1,62.7,92.9,1.3,21.3,52.6,-0.1,0.1,-0.039,
3093622,3/4 Simmental,849D,1250,91,618TS,GW NEWCOMER 738A,3,4,3,3,3,3,3,1,4,3,3,3,,147.2,71.7,15.8,-0.9,59.1,96.6,9.3,26.7,56.2,-0.28,0.37,-0.076,
2708353,1/2 Simmental,317A,1460,90,199Y,GW PARAMOUNT 718Y,3,3,4,3,3,4,3,1,4,4,4,4,,153.1,79.6,13,-1.3,69.3,108.6,7.3,21.1,55.7,-0.32,0.45,-0.044,
2523582,3/4 Simmental,001W,1575,98,523P,GW PREDESTINED 701T,3,3,4,,,3,3,1,3,2,3,3,bad tit,,,,,,,,2,,159.1,74.2,17.1,
2658778,3/8 Simmental,117Y,1485,89,153W,GW PREDESTINED 701T,2,3,4,4,3,3,4,1,5,4,4,4,,154.3,76.8,17.9,-3.4,67.6,106.9,9.3,20.8,54.6,-0.09,0.42,-0.011,
2658794,3/4 Simmental,260Y,1465,91,381N,GW PREDESTINED 701T,2,3,3,4,4,3,3,1,3,3,3,3,2 bad tits,147.5,73.2,11.3,-0.5,60.8,95.4,4.9,25,55.4,-0.34,0.44,-0.064,
2658803,5/8 Simmental,359Y,1380,78,640U,GW PREDESTINED 701T,2,4,3,4,4,3,3,1,3,2,2,4,,165.9,75.5,16.3,-3.8,52.5,81.9,7.5,29.4,55.6,-0.19,0.55,-0.044,
2708195,5/8 Simmental,360A,1375,99,108Y,GW PREDESTINED 701T,2,2,4,3,3,3,3,1,3,3,4,2,,151.7,75.7,15.8,-1.8,58.5,93.7,8,30.9,60.1,-0.16,0.51,-0.022,
2708182,1/2 Simmental,391A,1325,80,118Y,GW PREDESTINED 701T,2,3,3,3,3,3,2,2,3,3,3,3,,171.6,87.5,14,-0.9,68.7,111.1,6.9,24.6,58.9,-0.23,0.79,-0.023,
2523466,5/8 Simmental,104W,1585,93,996TS,GW PREDESTINED 701T,3,3,3,3,3,3,3,3,4,3,4,4,,150.2,75.2,10.4,-1,58.5,90.9,4.7,32.1,61.3,-0.19,0.56,-0.04,
2604281,1/2 Simmental,273X,1525,84,819R,GW PREDESTINED 701T,3,3,3,3,3,3,3,1,4,4,3,3,,157.3,72.7,19.1,-2.2,51.6,77.8,10.5,23.7,49.4,-0.12,0.57,-0.028,
2658762,1/2 Simmental,288Y,1635,77,664T,GW PREDESTINED 701T,3,3,4,2,2,3,3,1,2,4,3,4,,145.2,72.7,7.7,1.7,64.3,99.8,3.8,19.5,51.6,-0.17,0.52,-0.022,
2658801,3/4 Simmental,307Y,1555,93,521R,GW PREDESTINED 701T,3,3,4,4,4,3,3,1,3,4,3,4,,150.1,74.8,10.8,0.9,66.8,100.7,5.7,26.2,59.6,-0.25,0.45,-0.061,
2658806,1/2 Simmental,389Y,1790,100,800T,GW PREDESTINED 701T,3,4,4,4,3,3,4,1,4,3,3,3,,159.6,81.8,10.2,0.8,71.5,113.4,5.3,30.2,65.9,-0.08,0.62,-0.017,
2708322,1/2 Simmental,431A,1480,94,782T,GW PREDESTINED 701T,3,3,3,4,3,3,3,1,4,4,4,3,,174.7,84.7,14.6,0.1,68.1,111.9,7.9,29.4,63.4,-0.1,0.74,-0.019,
2707848,5/8 Simmental,499A,1530,88,022X,GW PREDESTINED 701T,3,3,4,3,3,3,4,2,3,4,4,2,bad tit,171.1,82.1,15.9,-1.4,66.2,104.9,8.3,22.8,55.8,-0.17,0.63,-0.028,
2954619,5/8 Simmental,675C,1560,89,928W,GW PREDESTINED 701T,3,3,4,3,4,3,4,2,4,4,4,3,,161.1,88.8,11.6,1.2,79.9,124.6,5.8,17.9,57.8,-0.29,0.71,-0.039,
2604194,3/4 Simmental,119X,1810,84,501R,GW PREDESTINED 701T,4,3,4,3,3,3,3,1,3,4,4,4,,153.8,79.6,10.2,1.2,68.6,105.9,6.1,29.2,63.4,-0.31,0.58,-0.056,
2710285,3/4 Simmental,0596A,1410,82,784U,GW PREDESTINED 770Y,2,3,4,4,3,3,3,2,4,4,2,2,,139,71.8,13.1,-1.2,59.1,91.8,7.9,26.8,56.3,-0.34,0.37,-0.076,
2832241,Purebred,449B,1160,82,245X,GW PREDESTINED 770Y,2,3,3,3,3,3,3,1,4,2,3,4,,154.5,75.7,11.7,0.7,62.8,96.6,6.2,23,54.4,-0.38,0.35,-0.098,
2792948,Purebred,384Z,1640,88,0622TS,GW PREDESTINED 773X,4,3,3,3,3,3,3,1,4,3,2,2,,153.2,80.9,9.4,0.9,68.7,107.8,0.8,33.1,67.4,-0.32,0.41,-0.093,
2954594,1/2 Simmental,638C,1415,87,311A,GW PREDOMINATE 848A,2,3,3,3,4,4,3,1,3,2,3,3,,146.3,83,10,-0.5,74.4,116.9,3.5,16.5,53.6,-0.18,0.57,-0.031,
2832246,5/8 Simmental,431B,1400,92,210X,GW PREMIUM BEEF 021TS,2,3,4,3,3,3,3,2,3,3,3,3,,158.2,80.2,18.8,-1.3,67.3,109.3,9.5,23.7,57.3,-0.26,0.49,-0.033,
2832198,1/2 Simmental,436B,1410,100,195Y,GW PREMIUM BEEF 021TS,2,3,4,3,3,4,3,1,3,2,2,2,,145.8,78.7,11.2,-0.2,69,114.4,5.7,23.1,57.6,-0.27,0.47,-0.041,
2960553,3/4 Simmental,825C,1330,93,465Z,GW PREMIUM BEEF 021TS,2,3,3,3,3,3,3,1,3,4,4,3,,131.1,68.9,11.2,0.3,60.8,97.4,6.3,19.6,50,-0.32,0.32,-0.069,
2792939,3/4 Simmental,371Z,1555,93,319M,GW PREMIUM BEEF 021TS,3,3,4,3,3,4,3,2,3,2,3,2,,147,67.4,15,-0.9,56.2,88.6,8.6,22.3,50.4,-0.37,0.27,-0.074,
2832100,5/8 Simmental,478B,1370,89,Z2051,GW PREMIUM BEEF 021TS,3,2,4,3,3,3,2,1,4,4,3,4,,126.3,68.2,11.8,0.8,63.1,102.9,5.9,21.9,53.4,-0.27,0.25,-0.056,
2832230,5/8 Simmental,553B,1445,89,259X,GW PREMIUM BEEF 021TS,3,3,3,4,3,3,2,1,3,3,3,3,,159.9,80.6,12.4,-1,65.5,108.3,6,24.2,56.9,-0.24,0.59,-0.036,
2707802,1/2 Simmental,580A,1335,86,808T,GW PREMIUM BEEF 021TS,3,3,4,4,4,3,2,1,3,2,2,2,,142.3,72.1,13.3,-0.4,62.2,99.2,6,32.1,63.2,-0.19,0.34,-0.034,
2793018,5/8 Simmental,687Z,1565,87,527W,GW PREMIUM BEEF 021TS,3,2,4,4,4,3,3,1,3,3,3,3,,127.1,68.6,9.3,1.7,66,106,4,18,50.9,-0.33,0.26,-0.066,
2473443,3/4 Simmental,784U,1610,64,539P,GW PREMIUM BEEF 021TS,3,3,4,4,3,3,3,1,3,2,2,2,,130.8,67.3,13.7,-0.6,58.5,90.5,8.3,27.3,56.5,-0.41,0.21,-0.077,
2523719,1/2 Simmental,955W,1760,93,602T,GW PREMIUM BEEF 021TS,3,4,4,3,2,3,3,2,2,2,2,2,,136.7,68.2,12.7,-0.8,58,92.2,5.8,21.1,50.1,-0.19,0.32,-0.04,
2710192,5/8 Simmental,A359,1460,90,U857,GW PREMIUM BEEF 021TS,3,3,3,3,3,3,3,1,3,2,2,3,,149.7,78.8,11.7,0.6,66.1,104.7,7.2,23.3,56.3,-0.29,0.59,-0.059,
2658846,5/8 Simmental,Y108,1605,91,T715,GW PREMIUM BEEF 021TS,3,3,4,3,3,3,2,1,2,2,2,2,,137.8,75.3,10.1,0,67.2,107.1,3.2,20.9,54.4,-0.28,0.42,-0.067,
2604205,1/2 Simmental,126X,1655,90,910TS,GW PREMIUM BEEF 021TS,4,3,4,2,3,3,3,1,3,2,2,3,,133.6,75.7,8.7,1,62.8,106.4,5.9,31.2,62.5,-0.26,0.54,-0.044,
2834600,3/4 Simmental,212Z,1580,94,103X,GW PREMIUM BEEF 021TS,4,3,4,3,3,3,3,1,3,3,3,2,,139.3,73.5,13.9,0.5,64.8,106.8,6.1,22.4,54.7,-0.38,0.37,-0.094,
2832244,1/2 Simmental,459B,1535,99,223X,GW PREMIUM BEEF 021TS,4,2,4,4,4,3,3,1,3,4,3,3,,146.1,78.7,15.2,-1.1,65.7,105.2,8.1,19.8,52.6,-0.27,0.51,-0.025,
2832534,5/8 Simmental,186B,1435,87,801P,GW PREMIUM BEEF Y1030,3,2,4,3,3,4,2,1,2,2,3,2,,143,75.3,13.7,0.5,67.5,103.6,5.2,24.9,58.7,-0.25,0.41,-0.043,
2707884,5/8 Simmental,970A,1370,91,122X,GW REDESTINED 642X,2,4,3,3,3,3,3,1,4,4,3,2,,152.2,78.6,12.8,-0.2,66.3,99.2,5.8,22.9,56,-0.49,0.51,-0.107,
2954698,5/8 Simmental,780C,1340,86,119Y,GW REDESTINED 642X,3,4,3,3,3,3,3,1,4,3,3,3,,151.4,80.6,12.2,-0.3,71.2,106.3,5.7,15.9,51.5,-0.2,0.56,-0.038,
2708369,Purebred,466A,1600,85,906J,GW RIGHT PATTERN 602Y,3,3,4,4,4,4,3,1,4,3,3,2,,139.8,72.6,15.8,1.5,67.3,108.2,11.1,32.5,66.1,-0.35,0.09,-0.068,
2832339,3/4 Simmental,493B,1405,86,087W,GW ROBUST 605Z,2,3,3,4,4,4,3,1,3,2,2,3,,126,72.1,6.7,1.9,70,106.3,-0.8,31.3,66.2,-0.43,0.28,-0.064,
2832064,5/8 Simmental,443B,1345,90,372Z,GW ROOKIE 171Y,2,2,3,3,3,3,2,2,3,4,4,4,,148.6,75.7,15.1,-1,63.5,106.5,9.2,29.1,60.8,-0.21,0.41,-0.061,
2832151,5/8 Simmental,249B,1470,89,346Y,GW ROOKIE 171Y,3,4,3,4,3,3,3,1,4,3,3,3,,134.2,69.7,9.5,1.2,66.5,109.4,6,22.2,55.4,-0.18,0.28,-0.045,
3088428,5/8 Simmental,721D,1310,90,587A,GW ROOKIE 171Y,3,3,4,3,3,3,3,1,4,4,4,4,,152.7,77.4,16.8,-2.7,63.5,102.8,9.5,24.4,56.1,-0.26,0.41,-0.059,
3088843,1/2 Simmental,406D,1295,79,274X,GW WOLFPACK 712A,3,3,3,3,2,3,3,1,3,4,4,4,,149.8,74.7,11.7,-0.4,58.8,96.1,6.1,24.6,54,-0.29,0.55,-0.052,
2708030,5/8 Simmental,409A,1545,96,517U,GW-WBF SUBSTANCE 820Y,2,3,3,3,2,3,4,1,3,3,2,3,,143.3,74.6,13.2,1.1,69.3,109.6,8.4,21.3,55.8,-0.28,0.37,-0.061,
2707975,5/8 Simmental,500A,1550,91,741U,GW-WBF SUBSTANCE 820Y,3,3,3,2,3,4,4,1,3,2,3,4,crack,139.6,76.7,13.2,1.2,71.1,109.7,6.4,18.6,54.1,-0.33,0.43,-0.063,
2710217,5/8 Simmental,532A,1530,92,723R,GW-WBF SUBSTANCE 820Y,3,3,4,2,2,3,3,1,2,3,2,3,crack,140.4,77,9.4,1.9,69.7,111.6,7.1,27.8,62.6,-0.32,0.48,-0.062,
2832509,Purebred,614B,1490,89,605R,GW-WBF SUBSTANCE 820Y,3,3,4,4,3,3,1,1,2,2,2,2,,142.7,75.5,12.2,1.3,66.7,104,6.9,20.8,54.1,-0.43,0.27,-0.099,
2954614,Purebred,671C,1370,95,728TS,GW-WBF SUBSTANCE 820Y,3,3,3,2,3,4,3,1,2,2,3,2,,152.7,82.3,10.1,2.9,72,111.4,5.9,25.2,61.1,-0.37,0.5,-0.095,
2832505,Purebred,150B,1450,78,601TS,HOOK`S YUKON  80Y,2,3,4,4,4,3,3,1,4,4,4,4,,153.3,81.6,14.4,-0.1,71.1,107.1,6.6,24.7,60.2,-0.57,0.29,-0.117,
2708193,3/4 Simmental,336A,1410,86,109Y,HOOK`S YUKON  80Y,3,3,4,4,3,3,3,1,4,4,4,4,,153.8,78.3,15.4,-0.4,73.8,110.4,8.4,23.3,60.1,-0.45,0.3,-0.067,
2832223,Purebred,466B,1385,78,304X,HOOK`S YUKON  80Y,3,3,4,3,3,3,3,1,3,3,2,3,,143.6,71.2,12.8,0.3,64.5,91.8,5.4,26.5,58.7,-0.5,0.09,-0.103,
2832261,3/4 Simmental,559B,1460,99,184X,HOOK`S YUKON  80Y,3,3,4,3,3,3,4,4,3,4,4,4,,143,71.9,12.5,-0.3,70.6,106.9,7.4,24.8,60.1,-0.43,-0.05,-0.089,
2832378,Purebred,580B,1480,47,824U,HOOK`S YUKON  80Y,3,3,4,4,4,3,3,1,4,3,4,3,,142,72.8,12.6,2,72.2,108,8.2,23.6,59.7,-0.42,0.06,-0.086,
2832540,Purebred,597B,1360,70,453N,HOOK`S YUKON  80Y,3,3,4,3,3,3,3,1,4,3,3,3,,141.5,78.8,12.4,2.1,77.5,112.7,7.6,23.4,62.1,-0.61,0.15,-0.107,
2832541,1/4 Simmental,916B,1295,97,N319,JC MR OLLIE 148Y,2,2,3,3,3,3,2,2,3,3,3,4,,128.7,60.8,17.1,-2.4,46.5,72,9.5,24.1,47.3,-0.29,0.29,-0.072,
2658857,Purebred,220Y,1560,96,649U,LBR GOLD DIGGER W524,3,3,4,2,3,3,4,1,3,2,3,3,,146.4,70.5,16.6,-0.2,58.4,94.4,8.7,24.4,53.6,-0.42,0.15,-0.1,
2658858,Purebred,239Y,1495,95,600U,LBR GOLD DIGGER W524,3,3,4,4,3,4,3,1,3,2,3,3,,139.3,71.8,11.5,0.9,66.3,101.9,6.4,32.8,65.9,-0.49,0.06,-0.12,
2792933,3/4 Simmental,362Z,1570,83,761U,LBR GOLD DIGGER W524,3,3,3,3,3,2,3,1,4,4,4,3,,129,70.5,9.6,1.4,67.3,105.4,4.1,25.3,58.9,-0.45,0.05,-0.146,
2714720,3/8 Simmental,336X,1395,68,790U,LCC NEW DEAL G673L,2,2,3,3,3,3,2,1,2,3,2,3,,140,68.5,13,-0.6,53.5,86.1,7.6,29.5,56.3,-0.06,0.55,-0.012,
2424416,1/2 Simmental,782T,1570,88,423P,LCC NEW DEAL G673L,3,3,3,3,3,3,3,1,1,1,1,2,,145.1,73.6,14,1.1,62,101.5,9,24.2,55.1,-0.05,0.53,-0.019,
2473442,1/2 Simmental,782U,1450,85,031K,LCC NEW DEAL G673L,3,2,3,4,3,3,3,1,3,3,2,2,,143.4,69.7,13.4,0.3,56.8,92.1,7.4,25.7,54,-0.15,0.45,-0.033,
2424432,1/2 Simmental,800T,1695,69,225M,LCC NEW DEAL G673L,4,4,3,4,2,3,3,1,4,3,4,4,,127.9,66.5,6,2,62.6,103.2,3.4,39.9,71.2,-0.12,0.25,-0.033,
2473374,3/4 Simmental,639U,1610,90,185N,LUCKY CHOICE R522,4,4,3,3,3,3,3,1,4,3,2,3,,125.3,70,9.2,3.7,66.1,104,6,25.4,58.5,-0.43,0.37,-0.077,
2792984,Purebred,445Z,1470,66,482P,MMF BO R1,2,3,4,4,4,4,2,1,4,3,3,3,,128.8,64.7,9.5,1.8,58.1,91,3.4,23.2,52.2,-0.57,0.05,-0.134,
2658864,Purebred,0782Y,1470,88,559U,MMF BO R1,3,3,4,3,3,3,3,1,4,4,4,4,,155.8,77.3,14.7,0.9,63.5,103.4,8,24.8,56.5,-0.53,0.34,-0.118,
2604251,Purebred,214X,1475,89,815T,MMF BO R1,3,3,4,4,4,2,2,1,4,4,4,4,,135.3,71,13.1,1.1,60.2,93.6,5.6,22.6,52.6,-0.55,0.2,-0.124,
2658875,3/4 Simmental,Y121,1465,92,CM101L,MMF BO R1,3,3,4,3,1,3,3,1,2,4,4,1,,124.5,63.8,8.6,1.7,57.4,91.3,3.6,27.7,56.3,-0.38,0.05,-0.095,
2793035,3/4 Simmental,Z2051,1525,89,777R,MMF BO R1,3,3,4,4,4,3,3,1,3,4,3,3,,119.1,58.3,10.3,-0.2,49.1,77.2,5.2,25.1,49.7,-0.41,0.13,-0.099,
2604238,1/2 Simmental,197X,1455,81,300M,NICHOLS EXTRA K205,3,3,3,3,3,3,3,2,4,3,3,4,,150.9,73.7,12.3,0.4,59.6,95.1,10,28.9,58.6,-0.2,0.53,-0.042,
2658881,1/2 Simmental,182Y,1640,89,910TS,PVF-J 4P14 HYB ROOKIE,4,3,4,3,3,3,3,2,4,4,4,4,,129.8,70.8,10.9,1.5,67.7,113.7,8.4,34.4,68.2,-0.29,0.22,-0.05,
2658882,1/2 Simmental,191Y,1685,84,501T,PVF-J 4P14 HYB ROOKIE,4,4,3,4,4,3,4,1,3,2,2,2,,137.9,71.9,10.6,0.8,64.7,100.7,8,29.8,62.1,-0.3,0.35,-0.053,
2658884,1/2 Simmental,208Y,1450,91,546T,PVF-J 4P14 HYB ROOKIE,4,3,4,3,3,3,2,2,4,3,2,3,,124.5,76,7.1,2.5,76.8,126.5,6.3,24.2,62.5,-0.31,0.32,-0.065,
2658886,1/2 Simmental,221Y,1520,97,662T,PVF-J 4P14 HYB ROOKIE,4,2,4,4,3,4,3,1,3,2,2,3,,149.4,77.2,10.3,0.7,69.9,109,5.8,25.2,60.2,-0.25,0.45,-0.047,
2604147,1/2 Simmental,002X,1340,66,711U,RAB-EGL BLUE MOON 4407M,2,3,4,3,3,3,3,2,3,2,2,3,,141.7,76.1,14.4,-0.9,56.4,94.4,8.8,30.7,58.7,-0.2,0.59,-0.035,
2658897,1/2 Simmental,173Y,1250,90,037K,RAB-EGL BLUE MOON 4407M,2,2,3,3,3,3,2,1,2,3,3,2,,128.7,70.2,9.8,1.3,58.3,94.3,7.3,24.6,53.7,-0.3,0.47,-0.045,
2658898,1/2 Simmental,174Y,1415,86,037K,RAB-EGL BLUE MOON 4407M,2,3,4,3,3,3,3,1,4,4,3,3,,127.6,73.9,6.2,2.4,65.6,108.1,4.7,30.6,63.3,-0.34,0.48,-0.052,
2604151,1/2 Simmental,013X,1470,95,689U,RAB-EGL BLUE MOON 4407M,3,3,3,3,3,3,3,2,4,4,4,4,,147,73.8,20.1,-1.8,53.2,92.2,12,31.3,57.7,-0.22,0.49,-0.03,
2604240,1/4 Simmental,202X,1515,86,839U,RAB-EGL BLUE MOON 4407M,3,3,4,3,3,4,3,1,4,3,3,3,,130.4,75.1,20.3,-1.5,60.6,97.2,11.1,25.8,56.1,-0.17,0.56,-0.023,
2424200,1/2 Simmental,546T,1400,90,523R,RAB-EGL BLUE MOON 4407M,3,3,3,3,3,3,2,1,3,3,3,3,,148,80.5,10.5,1.6,66.1,113.6,8,31.5,64.5,-0.34,0.65,-0.07,
2523540,1/2 Simmental,906W,1600,84,630T,RAB-EGL BLUE MOON 4407M,3,3,4,3,3,3,3,1,3,2,2,3,,148.6,76.3,16.4,-1.5,57.5,91.4,10.3,23.6,52.3,-0.23,0.59,-0.033,
2523713,1/2 Simmental,945W,1360,86,640T,RAB-EGL BLUE MOON 4407M,3,3,3,4,4,3,2,1,3,3,2,2,,160.4,79.5,18.8,-0.3,58,93.8,12.3,32.4,61.3,-0.3,0.7,-0.054,
2575002,1/2 Simmental,X06,1540,75,U868,RAB-EGL BLUE MOON 4407M,3,3,4,4,3,3,2,1,2,2,2,2,,146.7,73.1,17.2,-1.5,59.6,98.7,10.1,31.4,61.1,-0.21,0.37,-0.042,
2658894,1/2 Simmental,122Y,1575,96,112W,RAB-EGL BLUE MOON 4407M,4,3,4,3,3,3,2,2,3,3,3,3,,164.6,85.5,14.6,0.8,65.3,105.1,9.1,25.8,58.4,-0.35,0.85,-0.06,
2604241,1/2 Simmental,206X,1750,90,647U,RAB-EGL BLUE MOON 4407M,4,3,4,4,4,3,3,1,4,4,3,4,,141.9,78.1,12.1,0.6,65.1,106.5,7.7,32.1,64.6,-0.22,0.56,-0.058,
2523718,1/2 Simmental,954W,1490,87,772T,RAB-EGL BLUE MOON 4407M,4,3,4,4,4,3,3,1,3,2,2,2,,150.8,81.1,8.2,2.5,65.9,107.5,3.7,30.3,63.2,-0.17,0.79,-0.047,
2717003,No Simmental,4Z,1680,95,P409,RED HILL 13R RIPPER 28U,3,4,4,4,3,3,4,1,3,2,3,2,,107.2,67.5,13.1,-2.9,61,92,5.5,24.5,54.9,0.06,0.2,0.016,
2604218,1/2 Simmental,137X,1480,99,103L,RED HILL 17P JULIAN 101S,3,3,3,3,3,4,3,2,3,3,3,2,,113.5,58,14.5,-1.6,55.1,81.8,7.7,29.5,57,-0.39,-0.12,-0.072,
2832133,5/8 Simmental,908B,1176,66,Z200,S D S ALUMNI 115X,2,3,3,3,3,3,3,1,3,2,3,4,,175.9,87.3,16.2,-0.4,65.3,106.3,9.1,29,61.7,-0.31,0.84,-0.033,
3088406,5/8 Simmental,003D,1130,91,820B,S D S GRADUATE 006X,2,3,3,4,4,3,3,1,3,3,3,3,,146.8,74.1,17.1,-2.8,61.2,96.7,8.8,28.4,58.8,-0.33,0.29,-0.052,
3088460,5/8 Simmental,636D,1175,88,519B,TFS DUE NORTH 2659Z,2,3,3,3,3,3,3,1,4,4,4,4,,151.1,77.5,14.1,-1,66,99.4,6.8,24.9,57.8,-0.29,0.46,-0.035,
2960633,3/4 Simmental,849C,1420,89,759T,TFS DUE NORTH 2659Z,3,3,4,2,2,3,4,2,2,2,3,2,,129.8,75.5,12.3,1.4,71.9,112.8,5.7,26.4,62.3,-0.48,0.31,-0.094,
2658905,1/2 Simmental,347Y,1420,96,871R,TFS LUCKY QUARTER 6471R,3,3,4,4,2,3,3,1,4,3,3,4,,141.2,68.1,13.5,1.2,61.6,96.8,8,27,57.8,-0.22,0.3,-0.051,
2832272,5/8 Simmental,818B,1305,100,124X,TJ HIGH BET 236X,2,3,3,3,3,3,4,1,4,4,4,4,,155.2,75.6,16.8,-2.2,55.1,86.5,8.5,28.3,55.9,-0.22,0.57,-0.038,
2792823,1/2 Simmental,200Z,1565,96,X06,TJ HIGH BET 236X,3,3,3,4,3,3,3,1,4,2,2,3,,132.6,76.1,11.4,1,72.5,115.5,6.4,30.7,66.9,-0.21,0.33,-0.054,
2792825,1/2 Simmental,201Z,1360,98,025X,TJ HIGH BET 236X,3,2,4,3,3,4,2,1,2,2,3,3,,134.7,74,13.6,-0.9,63.5,101.8,7,36,67.6,-0.13,0.36,-0.02,
3018894,5/8 Simmental,427B,1340,85,101Z,TJ HIGH BET 236X,3,3,4,3,3,3,3,1,4,3,2,4,,141.9,76,12.4,-0.2,67.2,105.3,5.2,24.6,58.1,-0.34,0.4,-0.063,
2832254,3/8 Simmental,445B,1365,83,202X,TJ HIGH BET 236X,3,3,3,4,3,3,3,1,4,3,3,3,,130.6,72.9,18.2,-1.6,59.5,97.1,9.1,34.4,64.1,-0.21,0.45,-0.019,
2708038,5/8 Simmental,497A,1510,98,931W,TJ HIGH BET 236X,3,3,3,4,3,3,3,1,4,3,3,3,,133,71.7,10.9,1.4,67.2,107.7,4.5,30.5,64.1,-0.2,0.31,-0.049,
2960582,1/2 Simmental,805C,1360,76,641U,TJ HIGH BET 236X,3,3,4,3,3,4,3,1,4,4,4,4,,124,68.2,7.6,1.3,64.2,96.5,2.5,21.2,53.3,-0.27,0.3,-0.042,
3093635,5/8 Simmental,834D,1360,92,322Z,TJ HIGH BET 236X,3,4,3,3,3,3,3,1,4,3,5,4,,136.4,77.8,9.9,0.9,71.6,114.9,4.3,24.9,60.6,-0.33,0.43,-0.07,
2832344,1/2 Simmental,550B,1570,84,051W,TJ HIGH BET 236X,4,3,4,3,3,3,3,1,4,4,4,4,,150,82.6,9,0.4,69.2,109.2,3.9,29.8,64.4,-0.16,0.68,-0.033,
2960666,1/2 Simmental,830C,1420,89,201Z,TJ MARLBORO MAN 360A,3,3,4,4,4,3,4,1,3,3,2,2,,152.9,75.7,17.9,-3.1,57.4,92.7,10.5,33.7,62.3,-0.11,0.46,-0.007,
2473341,1/2 Simmental,564U,1350,92,807TS,TSN 1407 N150,2,3,3,3,3,3,2,1,4,4,3,3,,145.8,69.2,11.5,-0.7,54,81.5,8.2,29.7,56.7,-0.2,0.45,-0.057,
2954626,Purebred,709C,1460,92,107X,WBF REST EASY U085,2,3,3,3,2,3,3,1,3,2,3,3,,161,76.9,16.5,-1.9,56.9,84.8,7.4,27.5,55.9,-0.35,0.38,-0.084,
2954648,3/4 Simmental,735C,1260,87,559T,WS BEEF MAKER R13,3,3,4,4,3,3,3,1,4,3,3,3,,148.1,74.6,13.7,-0.9,66.3,97.1,6.6,23.3,56.4,-0.31,0.35,-0.066,
2792953,,393z,1340,94,,,2,3,3,3,3,3,3,2,4,4,3,3,,,,,,,,,,,,,,
2708371,,484a,1785,88,,,2,3,4,3,3,4,3,1,4,3,4,4,,,,,,,,,,,,,,
,,583u,1390,54,,,2,2,3,2,3,3,2,1,3,2,2,2,,,,,,,,,,,,,,
2960611,,850c,1325,75,,,2,3,4,3,2,3,3,1,3,2,2,3,,,,,,,,,,,,,,
,,027x,1560,68,,,3,3,3,3,3,3,3,1,3,3,2,3,,,,,,,,,,,,,,
,,147Y,,,,,3,3,4,3,3,3,3,1,3,2,3,2,,,,,,,,,,,,,,
,,162w,1585,93,,,3,3,4,3,3,3,4,2,3,3,2,2,b.tits?,,,,,,,,,,,,,
,,184w,1600,96,,,3,3,4,3,3,3,4,1,4,3,3,3,,,,,,,,,,,,,,
,,204w,1475,94,,,3,3,4,3,3,3,3,1,3,3,3,3,,,,,,,,,,,,,,
2658793,,259y,1560,70,,,3,2,4,3,2,3,2,2,3,3,3,3,,,,,,,,,,,,,,
2658871,,323y,1590,81,,,3,3,4,3,3,3,3,1,4,4,3,4,,,,,,,,,,,,,,
3301856,,332x,1445,90,,,3,3,3,3,3,2,3,1,3,3,2,2,,,,,,,,,,,,,,
2954456,,402C,1285,76,,,3,3,3,4,4,3,3,1,4,4,4,3,,,,,,,,,,,,,,
2792990,,459z,1645,75,,,3,3,4,3,2,3,3,1,3,4,3,3,,,,,,,,,,,,,,
2954440,,504c,1245,72,,,3,2,3,4,3,3,3,1,3,4,4,3,,,,,,,,,,,,,,
3088623,,666d,1230,69,,,3,2,3,4,3,3,2,1,3,4,4,4,,,,,,,,,,,,,,
2793020,,764Y,1815,98,,,3,4,2,2,3,3,4,1,3,3,4,4,crack,,,,,,,,,,,,,
,,784d,,,,,3,2,4,3,3,3,3,1,3,3,3,3,,,,,,,,,,,,,,
2658901,,305y,1575,84,,,4,4,3,3,3,3,3,1,4,3,3,2,,,,,,,,,,,,,,
2658903,,334y,1690,78,,,4,4,4,4,3,3,4,1,4,3,3,3,,,,,,,,,,,,,,
2960678,,845c,1360,100,,,4,3,4,3,3,3,3,1,4,4,4,4,,,,,,,,,,,,,,
3088476,5/8 Simmental,009D,1215,46,427B,TFS DUE NORTH 2659Z,2,3,3,3,3,3,3,1,4,4,4,4,,145.1,75.7,14.5,-1.7,62.8,96.7,7.3,26.7,57.9,-0.33,0.39,-0.046,
3093674,5/8 Simmental,078D,1230,56,337X,TFS DUE NORTH 2659Z,2,4,3,3,3,3,4,1,4,4,4,5,,152.6,73.7,17.5,-1.8,60.6,94.3,8.6,27.1,57.4,-0.28,0.37,-0.026,
3088474,5/8 Simmental,108D,1110,89,890B,TFS DUE NORTH 2659Z,2,3,3,4,3,3,3,1,4,4,4,3,,149.4,74,14.4,-0.6,61.9,97.9,7.7,24.4,55.3,-0.3,0.42,-0.034,
2658777,1/2 Simmental,109Y,1445,95,017W,GW PREDESTINED 701T,2,4,4,,,3,3,1,4,3,4,4,,162,78.5,16.4,-2,65.5,102.7,8,26.4,59,-0.16,0.46,-0.009,
2604216,5/8 Simmental,124X,1510,90,840P,GW PREDESTINED 701T,2,4,3,,,3,4,3,3,2,3,3,,174,76.7,22.9,-3.3,51.7,79.7,12.6,26.4,52.2,-0.28,0.62,-0.038,
2523484,1/4 Simmental,153W,1565,95,503T,RED HILL L081 RIPPER 13R,2,4,3,,,3,3,1,3,2,3,3,,125.3,65.5,14.2,-2.5,59.2,97.6,7.4,22.2,51.7,0.06,0.25,0.007,
2604213,Purebred,153X,1300,87,669U,HTP SVF IN DEW TIME,2,3,3,,,3,3,1,3,2,3,2,,150.1,75.7,14.6,0.4,61.3,87.3,6.8,20.8,51.4,-0.4,0.38,-0.079,
2658788,1/2 Simmental,209Y,1335,99,159W,GW PREDESTINED 701T,2,3,3,3,3,3,3,1,3,4,3,4,bad tit,147.5,70.1,10.6,-1.8,57.6,87.8,3.3,21.1,49.8,-0.21,0.38,-0.025,
2523505,1/2 Simmental,214W,1415,101,251M,LCC NEW DEAL G673L,2,3,3,,,3,3,1,2,2,2,3,,160.2,70.1,14.5,-1.1,45.5,73.2,8.5,23.7,46.4,-0.2,0.66,-0.022,
2523678,5/8 Simmental,221W,1325,97,141N,GW PREDESTINED 701T,2,3,4,,,3,3,1,3,2,2,4,,184.1,82.9,17.6,-1.4,60.9,97.3,10.7,31.9,62.3,-0.28,0.72,-0.039,
2792862,5/8 Simmental,248Z,1260,97,217X,TJ HIGH BET 236X,2,2,4,3,3,3,2,1,3,3,3,3,,165,80.4,14.3,-0.5,60.9,98.5,6.6,35.1,65.5,-0.35,0.65,-0.06,
,,251x,1440,75,,,2,4,3,,,3,3,2,2,2,2,2,,,,,,,,,,,,,,
2658771,1/2 Simmental,309Y,1250,100,500T,GW NEBULA 008T,2,3,3,,,3,3,2,3,3,2,3,,142.6,62.9,13.8,-2.5,51.3,78.1,6.9,24.6,50.1,-0.12,0.2,-0.013,
2832127,5/8 Simmental,400B,1300,93,225Z,S D S GRADUATE 006X,2,3,4,4,4,3,3,1,4,3,3,3,,142.6,72.3,17.8,-2.3,63.7,100.1,9.2,31.9,63.7,-0.39,0.17,-0.058,
2832072,3/4 Simmental,415B,1335,90,344Z,GW ROOKIE 171Y,2,3,4,,,3,3,1,4,3,4,4,,123.5,62.6,14.5,-0.6,55.4,91,8.5,27.6,55.3,-0.35,0.1,-0.098,
2954599,5/8 Simmental,433C,1355,98,359Y,GW PREMIUM BEEF 021TS,2,3,4,,,3,4,1,4,3,3,3,,158.7,76.9,15.6,-3.3,56.3,89.3,5.2,24.4,52.5,-0.22,0.56,-0.045,
2708162,1/2 Simmental,494A,1295,71,818P,TJ HIGH BET 236X,2,3,3,,,3,3,1,4,3,4,4,,138.5,64.7,14.7,-2.5,50.6,74.7,5.5,24,49.3,-0.2,0.27,-0.04,
2708170,3/4 Simmental,518A,1355,96,512P,GW BLUE MOON 582W,2,4,3,,,3,4,1,4,3,3,3,,124.6,66.7,10.7,0.8,56.3,87.9,5.8,31.2,59.3,-0.39,0.32,-0.087,
3088611,5/8 Simmental,602D,1155,88,690B,TJ MARLBORO MAN 360A,2,3,4,,,3,3,2,3,3,4,4,,152.7,75.6,14.9,-0.5,62.5,99.1,9.9,28.4,59.6,-0.24,0.47,-0.036,
2832466,1/2 Simmental,610B,1360,67,542T,GW PARAMOUNT 718Y,2,2,4,4,3,3,2,2,3,4,3,4,,141,72,14.3,-1.1,61.1,98.7,7.3,25.7,56.2,-0.33,0.32,-0.052,
3088459,5/8 Simmental,613D,1190,94,522B,TFS DUE NORTH 2659Z,2,3,4,,,3,3,2,4,4,4,4,,144,75.2,15,-1.8,64.4,104.3,8.2,26.3,58.4,-0.31,0.34,-0.035,
2710171,3/4 Simmental,618A,1255,95,517R,GW ROOKIE 171Y,2,3,3,,,3,3,1,2,2,2,2,,148,68.6,17.1,-1.5,49.5,82.4,9.4,30.6,55.3,-0.45,0.39,-0.095,
2710294,5/8 Simmental,633A,1280,75,251X,GW REDESTINED 642X,2,3,3,,,3,3,1,3,4,3,3,,134.6,70.7,8.5,0.3,63.1,93,4.3,23.1,54.6,-0.41,0.35,-0.082,
3088649,Purebred,633D,975,93,551B,GW END ZONE 135B,2,3,3,,,3,2,3,3,4,4,3,,157.9,74.7,16.9,-4.8,50.7,76.8,6.7,30.2,55.5,-0.4,0.28,-0.072,
2472904,1/2 Simmental,636U,1455,87,896TS,TSN 1407 N150,2,4,3,,,3,3,1,3,2,2,3,,161.4,77.6,16.8,-0.6,56.3,90.2,9.1,35.7,63.8,-0.34,0.64,-0.066,
3088608,5/8 Simmental,660D,1075,96,484B,TJ MARLBORO MAN 360A,2,2,3,,,3,3,2,3,4,4,3,,157.5,75.8,14.6,-0.8,57.6,94.3,8.9,30.8,59.5,-0.15,0.59,-0.029,
2834587,3/4 Simmental,690B,1410,80,716U,GW PREDESTINED 770Y,2,3,4,3,3,3,3,1,3,3,2,3,,144,73.1,11.4,0.4,63.9,100.8,7.4,26.5,58.4,-0.38,0.38,-0.076,
3088569,5/8 Simmental,717D,1265,69,666U,CCR SPARTAN 9124A,2,3,4,3,3,3,4,1,4,3,4,4,,148.4,75.4,14.7,-1,63.5,92.5,8.9,23.6,55.3,-0.19,0.47,-0.05,
3088716,1/2 Simmental,742D,1080,93,184W,CONNEALY BALANCE,2,3,3,,,2,3,1,3,3,3,4,,136,70.4,13.1,-1.4,58.8,90,6.4,22.7,52,-0.18,0.36,-0.01,
2960555,5/8 Simmental,797C,1230,70,200X,GW PREMIUM BEEF 021TS,2,3,4,,,3,3,1,3,2,2,2,,160.8,78.2,15.6,-2.4,59.8,95.4,7.3,23.7,53.6,-0.32,0.55,-0.038,
3088830,5/8 Simmental,807D,1230,97,178X,CCR SPARTAN 9124A,2,4,3,3,3,3,4,1,4,4,4,4,,145.2,74.7,14.9,-0.8,61.1,88.8,9.8,21.1,51.6,-0.18,0.52,-0.036,
2832101,,812b,1260,79,,,2,3,3,3,3,3,3,1,4,3,3,4,,,,,,,,,,,,,,
3116917,1/2 Simmental,903D,1185,89,153X,5L ADVANTAGE 560-108B,2,3,3,3,3,3,4,1,4,4,4,4,,153.5,77.8,16.9,-2.4,58.6,85,8.7,20.8,50.1,-0.17,0.62,-0.028,
3151321,5/8 Simmental,054D,1220,94,319Z,TJ MARLBORO MAN 360A,3,4,3,3,3,3,4,2,4,4,4,4,,155.2,76.2,15.1,-0.4,59.7,98.6,9.6,29.1,58.8,-0.22,0.56,-0.025,
3116968,1/2 Simmental,0920D,1120,84,336X,GW BAR CK BREAKOUT 667Z,3,3,3,2,,3,3,1,3,4,4,4,,145.8,78.5,8.9,1.6,69.3,111.4,5.5,24.2,58.8,-0.17,0.59,-0.042,
2523621,Purebred,092W,1440,92,376N,GW LUCKY CHARM 665K,3,3,3,3,3,3,3,2,2,2,2,3,,159.7,77.7,20.8,-1.2,58.5,96.8,10.1,32.8,62,-0.45,0.33,-0.108,
2658879,,100Y,1655,62,,,3,4,3,3,3,3,4,2,3,2,3,2,,,,,,,,,,,,,,
3088391,3/8 Simmental,101D,1305,76,916B,GW PREMIUM BEEF 021TS,3,4,3,,,3,4,4,3,3,3,4,,130.7,66.6,15.6,-1.9,54.6,88.2,7.9,22.6,49.8,-0.28,0.36,-0.056,
2604188,1/2 Simmental,101X,1595,97,537T,GW LUCKY POINT 273U,3,3,4,,,3,3,1,4,4,4,4,,129.4,63.5,10.9,0,55.6,90.3,7.3,22.9,50.6,-0.35,0.2,-0.074,
3088535,1/2 Simmental,110D,1060,100,Z210,GW PREDOMINATE 848A,3,2,4,,,3,3,1,3,4,4,4,,150.3,77.4,11.5,-0.2,65.2,100.7,3.6,21.3,53.9,-0.24,0.55,-0.037,
2523472,3/4 Simmental,115W,1360,90,739T,GW PREDESTINED 701T,3,2,3,,,2,2,1,2,3,3,4,,162.4,81,14.2,0.3,69.3,108.6,9.1,28.7,63.3,-0.35,0.54,-0.064,
2604214,1/2 Simmental,121X,1590,98,037K,RAB-EGL BLUE MOON 4407M,3,3,4,3,3,3,3,1,4,3,3,3,,132.1,72.9,9.2,2.4,66.1,108.1,7.5,27.6,60.6,-0.28,0.43,-0.043,
2604206,5/8 Simmental,132X,1565,103,800TS,GW NEBULA 008T,3,3,4,,,3,4,1,3,3,3,4,,120.5,59.6,6.1,1.1,59.1,91.5,2.2,20.3,49.8,-0.12,0.11,-0.015,
2604207,3/4 Simmental,134X,1390,94,468N,GW NEBULA 008T,3,2,4,,,3,3,1,3,3,3,3,,119.1,57.5,9.9,0.8,53.9,82.4,4.6,27.8,54.7,-0.26,0.06,-0.069,
2658826,5/8 Simmental,139Y,1700,99,810TS,GW PREMIUM BEEF 021TS,3,3,3,3,3,3,4,1,4,2,3,3,,142.8,73.1,14,-0.9,64.1,104.4,5.1,27.6,59.6,-0.28,0.3,-0.051,
2792821,,140z,1640,100,,TRIPLE C SINGLETARY,3,4,3,3,3,4,4,2,4,2,3,3,,,,,,,,,,,,,,
2658783,5/8 Simmental,165Y,1570,69,238W,GW PREDESTINED 701T,3,3,4,3,3,3,4,1,4,4,4,4,,142.7,75.6,14.5,-0.1,65.6,106.6,8.6,31.6,64.3,-0.16,0.41,-0.024,
2604230,3/4 Simmental,180X,1560,97,728TS,GW PREDESTINED 701T,3,3,4,,,3,3,1,3,3,3,2,,160.7,76.9,10.4,-0.2,60.2,94.1,5.6,31.4,61.5,-0.23,0.62,-0.053,
2604233,5/8 Simmental,183X,1630,95,141N,GW LUCKY POINT 273U,3,3,4,,,3,3,1,3,3,3,4,,142.7,68.8,14.4,0.2,57.9,95.2,10.1,24.4,53.4,-0.46,0.31,-0.096,
2658785,1/2 Simmental,195Y,1670,97,709R,GW PREDESTINED 701T,3,4,3,,,3,4,1,4,3,3,3,,155.3,80.1,8.8,1.1,69.8,112.6,4.9,23.2,58.1,-0.31,0.59,-0.041,
2658736,1/2 Simmental,203Y,1400,76,116W,GW AMBUSH 028T,3,2,4,,3,3,3,1,3,3,3,3,,137.9,77.2,6.2,1.7,64.9,100.3,1.8,31.3,63.7,-0.29,0.63,-0.049,
,,215x,1595,98,,,3,4,3,3,3,3,3,1,3,2,3,2,,,,,,,,,,,,,,
2707842,5/8 Simmental,226A,1495,97,030X,GW ROOKIE 171Y,3,3,4,3,3,3,4,1,3,3,2,3,,146.1,76.1,19.7,-1.4,67.2,108.5,11.8,17.1,50.7,-0.28,0.34,-0.054,
2792856,5/8 Simmental,238Z,1415,97,200X,GW PREMIUM BEEF 021TS,3,3,4,4,3,3,3,1,4,3,3,3,,151.1,76,13.4,-2,57.8,92.8,7,30.5,59.4,-0.23,0.53,-0.039,
2658792,1/2 Simmental,255Y,1535,94,740R,GW PREDESTINED 701T,3,3,3,3,3,3,3,1,4,3,3,2,,156.6,81.4,11.7,0.2,69.3,105.2,6.8,28.6,63.2,-0.21,0.61,-0.029,
2792870,5/8 Simmental,261Z,1485,96,228W,GW REDESTINED 642X,3,3,4,,,3,3,1,4,4,3,4,,149.1,76,11.9,-0.5,67.3,99.7,5.3,24,57.6,-0.38,0.4,-0.07,
2792881,5/8 Simmental,280Z,1605,68,915TS,GW PREMIUM CHOICE 532X,3,3,4,3,3,3,4,1,3,2,3,2,,152,73.8,13.1,-0.2,53,88.4,3,26.2,52.6,-0.36,0.63,-0.066,
2658860,Purebred,281Y,1705,78,616T,LBR GOLD DIGGER W524,3,3,4,4,4,3,4,1,3,2,2,3,,143.1,68.4,11.8,0.2,55.1,86.4,5.7,30.1,57.6,-0.51,0.16,-0.142,
2658798,3/4 Simmental,289Y,1555,85,431N,GW PREDESTINED 701T,3,4,3,4,3,3,3,2,3,2,3,3,,150.5,77.5,11.8,0.3,65.9,102.9,5,25.7,58.6,-0.27,0.53,-0.065,
2708176,1/2 Simmental,313A,1425,90,117Y,GW PREMIUM BEEF 021TS,3,3,4,,,3,4,1,3,2,2,3,,148.1,75.4,16.1,-3.2,60.9,100.2,7.9,27.3,57.7,-0.16,0.38,-0.024,
2708205,,314A,1470,93,,,3,3,3,,,3,3,3,3,3,3,4,,,,,,,,,,,,,,
2792902,,319Z,1555,101,,,3,4,3,,,3,4,2,4,3,3,3,,,,,,,,,,,,,,
2708103,5/8 Simmental,327A,1505,101,318X,GIBBS 0540X HY LEWISTOWN,3,3,4,,,3,4,1,3,2,3,4,,131.6,74.6,7.1,2.9,67.4,104.2,5.2,21.2,54.9,-0.41,0.53,-0.083,
2711760,Purebred,333A,1495,97,313Y,GW REDESTINED 642X,3,3,4,3,3,3,3,1,3,4,4,2,,152.7,84.6,9.5,0.6,75.6,115,5.3,31.1,68.9,-0.4,0.37,-0.085,
2707933,5/8 Simmental,338A,1520,81,180X,GW PREMIUM BEEF 021TS,3,3,4,3,3,3,3,1,3,3,3,2,,154.3,74.1,12.3,-1.1,58.8,94.9,6.5,25.7,55,-0.22,0.5,-0.029,
2792919,3/4 Simmental,341Z,1630,99,311N,GW PREDESTINED 701T,3,4,3,3,3,3,4,2,4,4,4,4,,152.3,73.6,12.3,-0.1,61.1,91.2,6.2,22.9,53.4,-0.36,0.47,-0.068,
2708405,1/2 Simmental,348A,1485,95,221Y,GW PARAMOUNT 718Y,3,3,4,3,3,3,3,1,4,3,3,3,,145.4,75.7,17.2,-1.7,69.5,109.1,9.3,25.7,60.4,-0.19,0.26,-0.025,
2792927,5/8 Simmental,351Z,1500,85,113W,GW BLUE MOON 582W,3,3,3,3,3,3,4,1,3,2,2,3,,128.8,70.1,11,0.5,60.4,94.6,7.8,29.3,59.5,-0.27,0.37,-0.06,
2792932,3/4 Simmental,361Z,1485,99,517R,TJ HIGH BET 236X,3,3,4,4,3,3,3,1,3,2,3,3,,137.7,70.3,9.8,1.9,63,100.7,5.2,33.4,64.9,-0.39,0.34,-0.091,
2708128,1/2 Simmental,375A,1430,94,718R,GW PARAMOUNT 718Y,3,4,4,,,3,4,1,4,3,3,3,,153.1,78.2,16.1,-1.5,59.4,94.4,8.5,28.9,58.6,-0.25,0.59,-0.034,
2658805,3/4 Simmental,388Y,1450,97,546R,GW PREDESTINED 701T,3,3,4,,,3,3,1,3,3,3,4,,146.4,74.8,14.9,-0.1,68.5,109.9,6.9,27.3,61.5,-0.26,0.31,-0.043,
2792952,Purebred,392Z,1530,72,459N,GW REDESTINED 642X,3,3,4,,,3,3,2,4,4,3,3,,149.4,76.7,11.2,1.8,67.6,101.4,7.1,24.7,58.4,-0.49,0.31,-0.115,
2708146,,403a,1530,72,,,3,3,3,3,3,3,4,1,3,3,3,2,,,,,,,,,,,,,,
2954453,5/8 Simmental,403C,1450,94,003X,GW BAR CK BREAKOUT 667Z,3,4,4,3,3,3,4,1,4,4,4,4,,146.6,78.6,12.6,-0.5,67.1,107.9,6,25.7,59.2,-0.3,0.49,-0.076,
2658808,3/4 Simmental,403Y,1605,101,548P,GW PREDESTINED 701T,3,3,3,3,3,3,3,1,4,4,4,4,,146.4,76.1,11.4,0.4,69.2,108,5.1,27.2,61.8,-0.37,0.37,-0.061,
2832045,,405b,1535,83,,,3,3,4,,,3,4,1,4,3,3,4,,,,,,,,,,,,,,
2658809,3/4 Simmental,407Y,1525,90,422P,GW PREDESTINED 701T,3,4,3,,,3,4,1,3,2,2,3,,159.1,82.4,12,0.9,75.1,116.8,6.1,29.6,67.1,-0.22,0.52,-0.043,
2832062,1/2 Simmental,418B,1485,85,379Z,S D S ALUMNI 115X,3,3,3,3,3,3,3,1,3,4,4,3,,144.9,83.2,7.3,1.9,71.8,116,4.6,30.6,66.5,-0.29,0.69,-0.049,
2792967,,420z,1495,84,,,3,3,4,,,3,3,2,3,3,2,4,,,,,,,,,,,,,,
2954539,5/8 Simmental,422C,1305,95,282A,GW PREDOMINATE 848A,3,3,3,3,3,3,3,1,4,3,3,3,,154.8,82.9,12.3,1.4,73.1,116.7,4.8,24.6,61.1,-0.21,0.63,-0.041,
2832302,1/2 Simmental,432B,1270,90,X06,TJ HIGH BET 236X,3,2,4,,,3,2,2,3,3,3,2,,140.5,72.8,14.1,-1.5,57.2,92.6,7.5,38.2,66.8,-0.17,0.42,-0.036,
2708296,3/4 Simmental,441A,1480,78,272X,GW BLUE MOON 582W,3,4,3,4,4,3,4,1,4,3,4,3,,125.8,68.6,12.4,0.8,62.9,101.6,7.3,28.2,59.6,-0.48,0.2,-0.085,
2954703,5/8 Simmental,455C,1470,96,319Z,TJ MARLBORO MAN 360A,3,3,3,3,3,3,4,1,4,4,4,3,,148.6,80.3,11.9,1.1,74.9,123.1,7.6,25.3,62.8,-0.17,0.46,-0.024,
2832462,5/8 Simmental,458B,1370,77,546T,GW-WBF SUBSTANCE 820Y,3,4,3,3,3,3,4,1,4,2,3,3,,145.9,78.8,12.4,0.2,64.8,107.3,8.3,24.9,57.2,-0.35,0.57,-0.074,
2707857,3/4 Simmental,459A,1470,100,130X,GW ROOKIE 171Y,3,4,3,3,3,3,3,1,4,3,3,3,,154.5,75.9,16.4,-1.3,64.1,107,9.8,22.3,54.3,-0.37,0.38,-0.087,
2832277,Purebred,467B,1485,95,107X,GW REDESTINED 642X,3,3,4,4,4,3,2,1,4,4,4,3,,161.3,89.6,8.5,2.5,79.4,122.6,5.2,25.3,64.9,-0.49,0.58,-0.1,
2832452,Purebred,470B,1390,92,632T,GW GAME CHANGER 823Y,3,3,3,,,3,3,2,4,4,4,4,,154.3,78.1,19.3,1.2,67.6,108.2,10.3,34,67.7,-0.26,0.29,-0.077,
2832469,Purebred,482B,1465,79,522T,HOOK`S YUKON  80Y,3,3,4,,,3,4,1,3,2,3,3,,142.1,73.2,13,0.2,66.6,96.2,8.8,26.2,59.4,-0.55,0.1,-0.097,
2707891,1/2 Simmental,502A,1440,98,236W,TJ HIGH BET 236X,3,3,4,,,3,3,1,4,4,4,3,,132.2,69.3,9.6,0.4,58.9,93.2,3.4,29.5,58.9,-0.2,0.38,-0.042,
2832222,1/2 Simmental,503B,1565,85,316X,GW PREMIUM BEEF 021TS,3,4,3,3,3,3,3,1,4,3,4,3,,142,72,13.3,-1.6,60.8,98.5,6.4,31.4,61.7,-0.16,0.33,-0.028,
2832253,3/4 Simmental,504B,1350,90,201X,GW REDESTINED 642X,3,3,4,,,3,3,2,3,3,3,3,,138.4,72.2,9.1,0.8,64.9,98.4,4.7,29.6,62,-0.44,0.34,-0.086,
2604148,1/2 Simmental,506X,1480,82,605U,GW PREMIUM BEEF 021TS,3,4,4,,,3,3,1,3,2,2,2,badtit?,146,75.4,14.1,-2.4,58.1,93.6,5.4,24.6,53.6,-0.2,0.5,-0.015,
2954448,5/8 Simmental,513C,1300,100,344A,S D S GRADUATE 006X,3,3,3,,,3,3,2,3,4,4,3,,126.4,71.1,11.8,-0.7,65.2,103,6.7,30.6,63.2,-0.28,0.21,-0.043,
2424193,1/2 Simmental,539T,1730,74,590R,G A R US PREMIUM BEEF,3,4,3,3,3,3,3,1,3,3,3,2,,136,74,15.1,-0.1,65.1,113.7,8.2,30.2,62.7,-0.17,0.34,-0.036,
2708347,3/4 Simmental,560A,1250,100,233X,GW BLUE MOON 582W,3,4,3,2,3,3,4,1,3,3,3,2,,130.3,71.4,10.4,2.1,66.9,105.8,7.4,26.1,59.5,-0.4,0.32,-0.076,
2954509,1/2 Simmental,562C,1380,95,241Y,B/R DOUBLE VISION 2078,3,3,3,3,3,4,3,1,4,3,4,4,,139.5,76.1,9.2,2.6,66.6,108.1,4.5,26.4,59.6,-0.2,0.58,-0.023,
2954498,1/2 Simmental,567C,1515,99,362A,MF DUAL GAMBLER 57X,3,4,3,,,3,4,1,4,3,4,3,,152.4,76.2,16.8,-1.9,60.1,94.2,10.9,21.8,51.8,-0.15,0.52,-0.016,
2960729,5/8 Simmental,571B,1385,95,833TS,GW-WBF SUBSTANCE 820Y,3,3,3,,,3,3,2,3,3,3,4,,151.6,79.9,12.6,1.2,69.7,110.7,7.4,20.2,55,-0.16,0.61,-0.031,
2832446,3/4 Simmental,573B,1500,98,152T,GW PARAMOUNT 718Y,3,3,4,3,3,4,4,2,4,4,3,4,,138.2,72.6,12.9,-1.3,66.6,103.7,7.1,23,56.2,-0.34,0.23,-0.068,
2832158,Purebred,578B,1385,99,313Y,GW REDESTINED 642X,3,3,4,3,3,3,3,1,4,4,4,3,,174.7,87.7,13.9,0.4,73.6,112.8,7.6,29.9,66.7,-0.47,0.5,-0.09,
2472881,5/8 Simmental,580U,1330,96,947TS,GW LUCKY CHARM 665K,3,3,3,3,3,3,3,1,3,2,2,3,,139.3,67.7,14.8,-0.7,53.2,82.3,6.9,32.9,59.4,-0.26,0.36,-0.061,
2832309,5/8 Simmental,583B,1370,87,221W,GW-WBF SUBSTANCE 820Y,3,4,3,3,3,3,4,2,3,2,3,2,,163,84.8,16.7,1.2,72.6,115.9,10.9,26.3,62.5,-0.31,0.66,-0.065,
2954531,5/8 Simmental,587C,1455,84,577U,GW CARRY ON Z0219,3,3,4,3,3,3,4,2,4,4,4,3,,134.1,72.8,13.1,0.9,73.9,117.1,6.9,19.7,56.7,-0.27,0.19,-0.064,
2954517,1/2 Simmental,592C,1145,93,313A,TJ HIGH BET 236X,3,2,4,3,3,3,3,1,3,3,3,3,,148.6,77.2,14.3,-1.4,65.9,104.9,6.5,24.7,57.6,-0.18,0.44,-0.036,
3088578,5/8 Simmental,617D,1305,87,480B,CCR SPARTAN 9124A,3,3,3,3,3,3,3,1,4,4,4,3,,151.5,79.5,14.3,-0.5,70.7,105.8,8.9,21.2,56.5,-0.17,0.49,-0.034,
3088441,5/8 Simmental,628D,1215,86,414B,GW ROOKIE 171Y,3,3,3,,,3,3,1,4,4,4,3,,140.3,74.5,16.1,-3,60.8,97.8,8.9,25.9,56.2,-0.25,0.35,-0.051,
2954580,1/2 Simmental,635C,1255,90,393Z,TJ HIGH BET 236X,3,2,3,,,3,2,1,3,3,3,3,,141.1,75.1,9.4,-0.4,60,92.3,3.7,31.3,61.3,-0.2,0.56,-0.038,
3088393,5/8 Simmental,640D,1165,90,694B,GW PREMIUM BEEF 021TS,3,3,3,,,3,4,1,4,3,4,4,,135.1,71.6,13.7,-0.7,63.4,102,7.1,22,53.7,-0.3,0.29,-0.058,
,,641b,,,,,3,3,4,3,3,4,3,1,3,3,3,3,,,,,,,,,,,,,,
2473380,3/4 Simmental,649U,1580,75,523P,GW PREMIUM BEEF 021TS,3,3,4,2,,3,4,2,3,3,3,3,,142.9,71.1,18,-1.1,59.2,100.3,9.3,26.3,55.9,-0.42,0.28,-0.08,
3088597,3/4 Simmental,654D,1200,98,097X,TJ MARLBORO MAN 360A,3,3,3,,,3,3,1,4,4,4,4,,146.5,73.8,16.6,-0.6,65.3,97.9,8.4,23.8,56.4,-0.25,0.35,-0.042,
3088579,5/8 Simmental,658D,1505,100,583B,CCR SPARTAN 9124A,3,5,3,,,3,5,2,4,4,4,4,,152,83.7,12.5,3.1,79.8,120,8.8,19.6,59.5,-0.15,0.63,-0.033,
3088464,5/8 Simmental,665D,1265,96,599B,TFS DUE NORTH 2659Z,3,4,3,3,3,3,3,2,4,4,4,3,,144.5,76.7,13,-0.2,65.2,101.9,6.4,25.6,58.1,-0.3,0.48,-0.039,
3088674,5/8 Simmental,671D,1215,104,109Y,GW COMMOTION 333B,3,3,3,3,3,3,4,1,4,4,4,3,,148.6,75.2,16.4,-1.9,66.1,104.8,9.4,24.4,57.4,-0.24,0.31,-0.042,
3088653,5/8 Simmental,694D,1265,66,418A,GW YUKON JACK 612B,3,3,4,,,3,4,1,4,3,3,4,,151.6,77,13.4,-1.3,61.2,92.1,6.5,25.3,55.8,-0.3,0.54,-0.052,
3088454,5/8 Simmental,705D,1200,101,197Y,TFS DUE NORTH 2659Z,3,3,4,,,3,4,2,4,4,4,4,,148.8,79.6,10.1,1.2,70.6,111.2,4.6,26.5,61.7,-0.27,0.55,-0.028,
3088565,5/8 Simmental,709D,1155,56,601T,CCR SPARTAN 9124A,3,3,3,3,3,3,2,1,4,4,3,3,,153.4,77,17.5,-1.7,59.9,92.3,10.9,24.2,54.1,-0.2,0.55,-0.045,
2954638,1/2 Simmental,721C,1550,86,434Z,GW PREMIUM BEEF 021TS,3,4,4,,,3,3,1,4,3,4,3,,135,75.7,9.7,1,73.4,120.1,6.2,21.6,58.2,-0.19,0.34,-0.033,
2954972,,727c,1250,93,,,3,2,3,,,3,2,1,3,4,4,3,,,,,,,,,,,,,,
3088452,5/8 Simmental,735D,1260,99,527W,TFS DUE NORTH 2659Z,3,4,3,3,3,3,3,1,4,4,5,4,,129.9,67.6,11.8,1.7,65.7,100.2,6.2,22.2,55,-0.33,0.21,-0.047,
2954662,3/4 Simmental,744C,1260,93,140W,WS BEEF MAKER R13,3,3,3,,,3,4,1,3,2,3,3,,136.1,73.9,10.6,2.3,71.6,105.8,6.7,25.5,61.3,-0.41,0.34,-0.093,
2424400,3/4 Simmental,764T,1660,88,103L,PELTONS R COAT 3P,3,4,3,4,4,3,4,1,4,2,3,3,,104.9,59.1,10.1,2.1,68.2,106.5,8.7,27.9,62,-0.47,-0.22,-0.093,
3232525,5/8 Simmental,770D,1170,101,309Y,GW COMMOTION 333B,3,3,3,3,3,3,3,1,4,3,4,4,,139,69.1,14.7,-1.5,63.5,99.6,8.4,21.4,53.1,-0.22,0.18,-0.044,
2954693,1/2 Simmental,774C,1400,92,934TS,GW CARRY ON Z0219,3,3,4,2,3,3,4,1,4,4,4,4,,134,76.1,12.1,1.7,77.3,121.2,6.3,22,60.6,-0.25,0.28,-0.06,
2424413,1/2 Simmental,778T,1540,101,513R,G A R US PREMIUM BEEF,3,3,4,,,3,3,1,3,2,3,3,,155.5,70.5,10.8,0.6,52,85,6.5,28.7,54.6,-0.13,0.61,-0.023,
3088750,1/2 Simmental,783D,1315,94,223X,MF DUAL GAMBLER 57X,3,4,3,,,3,4,1,5,4,4,4,,160.5,81.6,15.6,-1.3,67.9,104.9,10.4,23.4,57.4,-0.2,0.57,-0.009,
2954715,1/2 Simmental,789C,1260,96,209Y,GW CARRY ON Z0219,3,3,4,3,3,3,3,1,4,4,3,3,,138.5,76,11.5,-0.4,69.1,110.1,3.5,21.3,55.8,-0.15,0.39,-0.023,
2473448,3/4 Simmental,794U,1605,91,453N,PELTONS R COAT 3P,3,3,3,,,3,3,1,2,2,2,2,,132.1,71.4,9.1,2.6,73.8,114.1,6.3,18,54.8,-0.28,0.25,-0.073,
2960604,5/8 Simmental,832C,1370,89,753U,GW BAR CK BREAKOUT 667Z,3,3,3,3,3,3,3,1,4,3,3,4,,145.1,73.3,13.6,0.5,65.2,103.3,7.4,27.3,59.8,-0.28,0.37,-0.071,
2424457,Purebred,833T,1485,89,268M,GW LUCKY CHARM 665K,3,3,3,,,3,3,1,3,2,3,3,,,,,,,,,,,,,,
2472984,Purebred,845U,1225,88,079K,GW LUCKY CHARM 665K,3,2,4,,,3,2,2,2,2,2,3,,152.8,72.5,13.4,0.5,58.1,96.2,6.9,26.9,55.9,-0.28,0.3,-0.083,
3116948,5/8 Simmental,907D,1250,103,439A,GW COUNTRY BOY 142B,3,3,3,,,3,3,2,3,3,4,4,badtit,131.6,74.5,11.7,0.1,67.9,107.1,4.1,22.8,56.7,-0.37,0.34,-0.079,
2658850,5/8 Simmental,908Y,1685,101,215W,GW PREMIUM BEEF 021TS,3,4,4,,,3,4,1,3,2,2,3,,141,75.7,16.9,-0.2,71.1,114.1,8.6,20.7,56.2,-0.26,0.29,-0.057,
2473454,1/2 Simmental,U801,1730,98,CM102_,GW LUCKY ONE 686K,3,3,4,2,3,3,3,2,3,3,3,3,,148,71.6,14.3,0.3,50.2,77.7,10,28.5,53.5,-0.3,0.64,-0.053,
2523446,5/8 Simmental,038W,1615,89,736R,GW PREDESTINED 701T,4,4,3,2,3,3,3,1,3,3,3,4,,169.9,88.9,9.4,2.1,77.7,123.1,5.7,29.2,67.9,-0.28,0.76,-0.057,
2604175,5/8 Simmental,072X,1610,100,847TS,GW AMBUSH 028T,4,3,4,2,3,3,2,1,3,3,3,3,,136.7,71.6,9.2,3.3,68.2,108.8,6.5,23.2,57.3,-0.3,0.39,-0.059,
2523473,1/2 Simmental,118W,1580,100,350N,G A R PREDESTINED,4,4,3,3,3,3,3,1,4,3,3,2,,149.3,76.8,10.8,1.1,56.9,90.3,6.2,31.9,60.4,-0.31,0.73,-0.054,
2604198,5/8 Simmental,120X,1580,80,805R,GW LUCKY BOY 252U,4,4,3,,,3,3,1,3,2,3,2,,143.8,72.2,14.5,-0.9,61.6,95.1,8,29,59.7,-0.36,0.33,-0.068,
2523643,1/2 Simmental,138W,1675,93,426N,G A R PREDESTINED,4,3,3,,,3,3,1,3,2,3,3,,173.7,89.4,13.8,0.8,62.1,100,8,27.9,58.8,-0.07,1.13,-0.016,
2658750,,176y,1395,100,,,4,2,4,,,3,3,1,2,2,3,3,,,,,,,,,,,,,,
2658786,5/8 Simmental,197Y,1765,95,928W,GW PREDESTINED 701T,4,4,4,,,3,4,1,4,4,4,4,,157.7,86.4,6.5,1.9,77.3,124.1,1.7,28.8,67.4,-0.22,0.71,-0.028,
2604256,1/2 Simmental,223X,1520,93,650T,GW PREDESTINED 701T,4,2,4,,,3,3,1,3,4,4,4,lump,147.8,77.2,13.4,-0.6,67.7,106.4,7.7,26.4,60.2,-0.25,0.42,-0.02,
2604273,5/8 Simmental,248X,1690,87,851TS,GW LUCKY ACE 076TS,4,3,4,,,3,4,1,3,2,3,3,,134.3,69.5,5.9,2.9,60.5,94.8,4.4,22.8,53,-0.2,0.53,-0.044,
,,307y,,,,,4,3,4,4,3,3,4,1,4,4,4,4,,,,,,,,,,,,,,
2792935,3/4 Simmental,364Z,1510,85,225M,GW PREDESTINED 701T,4,3,4,,,3,3,2,4,4,4,4,,142.4,76.8,5.5,2.2,73,114.9,2,41.2,77.7,-0.28,0.4,-0.056,
2708046,5/8 Simmental,476A,1650,81,908W,GW ROOKIE 171Y,4,3,3,2,3,3,3,1,2,2,2,2,crack,144.4,75.1,16.1,-1.3,67.2,105.8,9.4,25.2,58.7,-0.24,0.31,-0.062,
2708122,3/4 Simmental,496A,1525,73,605R,GW PREDESTINED 701T,4,3,3,,,3,3,1,3,3,3,3,,142.4,74.6,10.1,0.8,70.9,111.8,4.9,27.4,62.8,-0.34,0.3,-0.066,
2833388,5/8 Simmental,508B,1405,83,666U,GW PREMIER 734Y,4,3,4,3,3,3,4,1,4,4,4,4,,134.8,73.2,11,0.3,65.3,102.7,7.1,24.3,56.9,-0.23,0.38,-0.068,
2954495,1/2 Simmental,555C,1435,84,682U,GW CARRY ON Z0219,4,3,4,,,3,3,1,4,3,3,3,,127.5,73.7,13.7,-0.3,68.9,107.9,7.7,27.6,62,-0.26,0.26,-0.056,
2832373,5/8 Simmental,579B,1630,81,906W,GW BAR CK BREAKOUT 667Z,4,4,3,,,3,4,1,4,4,4,4,,136.9,81.3,8.3,1.6,76.9,123.9,5.4,20.7,59.1,-0.24,0.51,-0.04,
2954524,5/8 Simmental,589C,1385,89,148X,GW ROBUST 605Z,4,3,4,2,3,3,3,1,3,3,3,3,,135.3,73.5,10.8,-0.5,66.2,102,3.2,31,64,-0.31,0.3,-0.044,
2954571,1/2 Simmental,627C,1610,85,636U,GW MARSHALL 756A,4,4,3,3,3,3,4,1,4,4,3,3,,149.1,83.1,11.1,1.8,76.6,115,5.7,20.9,59.2,-0.29,0.6,-0.049,
2832461,5/8 Simmental,646B,1425,95,555T,GW REDESTINED 642X,4,2,4,,,3,3,1,3,4,4,3,,139.4,78.2,7.2,1.4,69.3,105,4.3,23.8,58.4,-0.46,0.53,-0.088,
3088747,5/8 Simmental,792D,1250,98,128Y,MCDF DUAL COMBO 262Z,4,2,4,2,3,3,3,1,3,4,4,4,,161,80.3,17.2,-1.9,63.7,102.6,10.9,23.5,55.3,-0.28,0.56,-0.036,
2604260,1/4 Simmental,X020,1640,48,N311,GW PREDESTINED 701T,4,3,4,,,3,3,1,3,3,3,4,,150.8,82.2,12,0.1,69,113.4,4.8,32.5,67,-0.16,0.72,-0.039,
2604203,1/2 Simmental,122X,1320,90,583R,RED HILL 17P JULIAN 101S,2,3,3,,,3,3,2,3,3,3,4,,127.4,60.2,14.4,-1.4,52.5,78.5,6.3,18.9,45.1,-0.33,0.09,-0.083,
2658745,3/4 Simmental,252Y,1355,92,987TS,ELLINGSON LEGACY M229,2,3,4,3,3,3,3,1,3,2,2,3,,130.7,65.4,12.1,0.1,60.8,98.2,6.1,20.3,50.6,-0.34,0.16,-0.083,
2658891,1/2 Simmental,261Y,1480,90,819R,GW BLUE MOON 582W,2,3,4,,,3,3,1,4,4,4,3,,137.4,69.3,11.1,0.3,63.1,101.4,6.9,23,54.5,-0.12,0.31,-0.035,
2604278,5/8 Simmental,264X,1265,95,633U,GW LUCKY CHARM 129R,2,3,3,,,3,3,1,3,3,3,3,,150.2,69.2,12.8,0,55.8,87.8,6,22.3,50.1,-0.26,0.44,-0.039,
2792873,5/8 Simmental,265Z,1270,97,090X,GW PREDESTINED 701T,2,3,3,,,3,3,2,3,3,3,4,,161.6,81.4,11.8,0.2,67.8,104,6.4,31.3,65.1,-0.1,0.65,-0.022,
2604282,3/8 Simmental,274X,1440,98,443L,GW PREDESTINED 701T,2,4,3,,,3,3,2,2,2,2,2,,141.5,65.5,15,-0.3,47,75.4,9.4,26.2,49.7,-0.19,0.58,-0.04,
2792906,Purebred,323Z,1430,103,161W,MMF BO R1,2,3,4,,,3,3,1,3,3,3,4,,155.3,71.1,16.5,-0.4,55,88.1,8.1,26.8,54.3,-0.57,0.21,-0.125,
2792945,1/2 Simmental,379Z,1290,69,636U,TJ HIGH BET 236X,2,3,4,,,3,3,1,3,3,3,3,,146.1,74.8,14.1,-0.3,61.3,97,7.3,35.8,66.4,-0.29,0.45,-0.056,
2792962,3/4 Simmental,412Z,1350,93,723R,LBR GOLD DIGGER W524,2,3,4,,,3,4,1,3,3,2,4,,131.9,62.2,12,-0.5,52.6,82.1,8.4,35,61.2,-0.29,0.16,-0.086,
2832179,,428B,1355,96,,,2,3,4,,,3,3,1,3,3,3,3,,,,,,,,,,,,,,
2832115,1/2 Simmental,494B,1280,87,115Z,GW PREMIUM BEEF 021TS,2,3,3,,,3,4,1,3,2,3,4,,145.7,74,14,-2.1,56.6,95.9,7.1,30.9,59.1,-0.3,0.44,-0.051,
2954467,,538c,1260,83,,HXC CONQUEST 4405P,2,4,3,,,3,3,1,4,3,3,4,,,,,,,,,,,,,,
2954474,5/8 Simmental,552C,1255,106,356A,S D S GRADUATE 006X,2,3,3,,,3,4,1,4,4,3,3,,133.2,72.5,15.5,-3.2,63,101,7.2,33.6,65,-0.37,0.15,-0.054,
2954530,1/2 Simmental,586C,1280,95,109Y,GW CARRY ON Z0219,2,3,3,3,3,3,3,1,4,3,3,3,,162.8,84.4,20.9,-1.8,75.4,121,11.6,23,60.7,-0.21,0.44,-0.023,
2424249,5/8 Simmental,601T,1490,93,712R,GW LUCKY CHARM 665K,2,3,4,,,3,3,1,3,2,2,3,,159.9,74.7,23.1,-4.5,47.3,82.2,12.4,36.6,60.2,-0.4,0.5,-0.088,
2954593,5/8 Simmental,636C,1265,76,573A,GW CARRY ON Z0219,2,3,4,,,3,3,1,3,3,3,3,,161.4,83.8,14.5,-1.4,66.6,106.7,6.8,27,60.2,-0.29,0.65,-0.057,
2954630,5/8 Simmental,680C,1090,95,A360,GW STELLAR 429Z,2,2,3,,,3,2,2,3,4,3,4,,181.6,84.9,18.7,-1.8,55.7,86.9,10.2,24.2,52,-0.24,0.95,-0.039,
3088392,5/8 Simmental,695D,1050,56,536B,GW PREMIUM BEEF 021TS,2,3,3,,,3,3,1,3,4,4,3,,146.3,75.5,15,-0.8,63.3,103.9,8.5,23.8,55.4,-0.21,0.45,-0.038,
2954661,3/4 Simmental,729C,1350,97,384Z,TJ MARLBORO MAN 360A,2,4,3,3,3,3,3,1,4,3,3,3,,160.4,79.9,21,-1.1,67.9,106.6,10.4,29.6,63.5,-0.2,0.47,-0.036,
-3093563,3/4 Simmental,855D,1115,90,118Y,XSIM LUCKY CHARM H2050,2,3,3,,,3,3,1,3,2,3,3,,138.2,69.5,11.8,-0.2,59,95.6,4.8,26,55.5,-0.39,0.32,-0.088,
3093716,1/2 Simmental,886D,1115,96,225X,5L ADVANTAGE 560-108B,2,3,3,,,3,3,1,3,4,4,3,,144.2,72.6,16.8,-2.2,53.5,84.3,7.3,23.4,50.1,-0.23,0.5,-0.053,
2604159,1/2 Simmental,025X,1390,99,754U,RAB-EGL BLUE MOON 4407M,3,3,3,,,2,3,1,2,2,2,3,,149.2,74.4,17.4,-2.7,53.3,87.9,10.8,23.3,49.8,-0.12,0.54,-0.007,
2523607,1/2 Simmental,051W,1610,95,478N,G A R PREDESTINED,3,3,4,3,3,3,3,1,4,4,4,3,,151.2,77.7,12.9,0,57.7,89.6,7,28.1,56.9,-0.14,0.73,-0.042,
2604162,1/2 Simmental,051X,1560,95,641U,GW PREMIUM BEEF 021TS,3,3,4,,,3,3,1,2,2,2,3,,136.9,72,11.9,-0.9,63.9,100.4,4.9,24.7,56.6,-0.31,0.29,-0.045,
3088436,5/8 Simmental,107D,1090,92,908B,GW ROOKIE 171Y,3,3,3,3,,3,3,1,4,3,3,3,,160,80.4,15.9,-1.6,63.1,103.5,7.3,26.3,57.8,-0.24,0.59,-0.041,
2658820,5/8 Simmental,125Y,1670,94,129W,GW PREMIUM BEEF 021TS,3,3,3,3,2,4,3,1,3,2,2,3,,132.5,71.2,9.7,3,69.1,110.3,5.7,15.6,50.1,-0.38,0.36,-0.063,
2523645,1/2 Simmental,140W,1650,84,306K,TFS LUCKY QUARTER 6471R,3,3,4,,,3,4,1,3,2,2,3,,130.7,65.3,8.2,3.1,64.7,101,5.5,17.2,49.5,-0.08,0.3,-0.029,
2658856,Purebred,155Y,1445,81,784U,LBR GOLD DIGGER W524,3,3,4,,,3,4,1,3,2,2,3,,137.6,69.1,12.1,0.2,58.7,90.6,7,34.1,63.3,-0.43,0.1,-0.093,
2604258,Purebred,225X,1580,96,709T,MMF BO R1,3,3,4,,,3,4,1,2,2,2,3,,133.1,68,14.5,0.6,55.2,90.1,3.9,27.9,55.4,-0.52,0.15,-0.129,
2792853,5/8 Simmental,234Z,1565,75,055X,GW PREDESTINED 701T,3,4,4,,,3,4,1,5,4,4,3,,148.2,75.5,8.9,0.5,71.1,112.4,5.9,27.3,62.8,-0.22,0.35,-0.033,
2604271,5/8 Simmental,241X,1340,96,976TS,GW PREDESTINED 701T,3,3,4,,,3,3,1,3,3,2,4,,166.8,78.9,15.6,-0.4,62.5,97.4,8.5,31.1,62.3,-0.32,0.58,-0.059,
2604138,1/2 Simmental,253X,1815,81,269H,G A R PREDESTINED,3,3,4,3,3,3,3,2,4,3,3,3,,151.5,74.2,9.6,2.4,56.9,91.6,4.2,28.9,57.3,-0.09,0.75,-0.01,
2792889,3/4 Simmental,298Z,1375,75,233M,GW PREDESTINED 701T,3,3,4,3,3,3,3,1,4,3,3,3,,152.8,77.3,13,-1.2,64.1,99.9,6.8,35,67,-0.18,0.47,-0.049,
2792909,5/8 Simmental,329Z,1395,86,530T,GW REDESTINED 642X,3,3,3,,,3,3,1,3,4,3,3,,143.5,74,11.5,-1,67.3,103.7,4.9,14,47.6,-0.24,0.35,-0.047,
2658802,1/2 Simmental,341Y,1465,92,115N,GW PREDESTINED 701T,3,2,4,,,3,2,1,3,4,3,4,,153.9,78,12.6,-0.6,67.5,103.5,7.6,28.1,61.8,-0.15,0.48,-0.022,
2711763,3/4 Simmental,342A,1450,83,436P,GW PREDESTINED 701T,3,4,4,,,3,3,1,4,3,3,3,,156.1,78.6,12.4,0.7,70.2,111.1,6.7,28.6,63.6,-0.14,0.49,-0.058,
,,361a,,,,,3,2,4,,,3,3,1,3,3,3,3,,,,,,,,,,,,,,
2708248,5/8 Simmental,369A,1605,88,623T,GW PARAMOUNT 718Y,3,4,4,,,3,4,1,3,2,3,2,,130.8,74.7,11.2,-0.5,66.3,105.7,6.5,24.1,57.2,-0.37,0.35,-0.08,
2792943,5/8 Simmental,377Z,1490,95,702T,TJ HIGH BET 236X,3,3,4,,,3,4,1,4,3,3,3,,123.9,70.5,6.1,1.8,69.1,108.7,1.4,35.3,69.8,-0.25,0.25,-0.066,
2708233,3/4 Simmental,380A,1435,81,147Y,HOOK`S YUKON  80Y,3,3,4,,,3,3,2,4,3,3,3,,159.4,84.7,7.9,2.6,78.7,116.1,6,29.9,69.2,-0.45,0.42,-0.084,
2708076,3/4 Simmental,393A,1570,88,233M,GW PARAMOUNT 718Y,3,3,3,,,3,3,1,4,3,4,3,,128.4,67.2,12.7,-1.9,58.3,91.5,8.4,24.3,53.4,-0.23,0.2,-0.078,
2834595,1/2 Simmental,407B,1400,91,355Z,GW CARRY ON Z0219,3,3,4,,,3,3,1,3,2,2,2,,154.2,82.1,13.2,0.8,75.5,124,8.1,21.9,59.7,-0.1,0.53,-0.025,
2707963,3/4 Simmental,408A,1275,85,153X,GIBBS 0540X HY LEWISTOWN,3,3,4,,,3,3,2,3,3,3,2,,146,72,12.9,0.6,57.5,86.7,6.5,23.9,52.6,-0.3,0.53,-0.058,
2832080,5/8 Simmental,419B,1375,91,340Z,GW CARRY ON Z0219,3,4,4,,,3,4,1,3,2,3,3,,151.8,83.9,14,0.1,75,120.7,8.1,28.7,66.2,-0.21,0.53,-0.036,
2792966,Purebred,419Z,1515,98,037TS,LBR GOLD DIGGER W524,3,3,4,3,3,3,4,1,4,3,3,4,,140.4,63.9,12.7,0.7,58.8,87.1,5.7,27.2,56.5,-0.5,-0.06,-0.118,
2708251,1/2 Simmental,422A,1590,92,613T,GW PREDESTINED 701T,3,3,4,,,3,3,1,4,4,4,4,,152.8,74.4,11.9,-1.2,56.9,91.1,6.6,29.5,57.9,-0.07,0.57,0.003,
2832102,5/8 Simmental,442B,190,71,269Z,GW PREDESTINED 701T,3,3,3,,,3,3,1,3,3,3,4,,159.3,78,16.1,-2.1,63.2,101,6.7,27.3,58.8,-0.12,0.49,-0.017,
2708402,5/8 Simmental,445A,1425,93,264X,GW PREDESTINED 770Y,3,3,3,,,3,3,1,2,2,2,2,,150,71.4,11.8,0.2,59.3,91.8,7.2,25.5,55.1,-0.29,0.44,-0.059,
2707871,5/8 Simmental,449A,1490,89,118X,GW ROOKIE 171Y,3,3,3,,,3,3,1,3,2,3,3,,143.2,70.7,14,-0.5,62.2,103.7,8.2,30.3,61.3,-0.23,0.27,-0.048,
2832298,1/2 Simmental,456B,1380,81,506X,TJ HIGH BET 236X,3,3,3,,,3,4,1,3,2,2,3,,136.5,71.6,11.3,-1.3,57.1,92.1,3.1,28,56.5,-0.22,0.43,-0.032,
2960682,1/2 Simmental,460C,1285,79,400Z,GW RAIDER 708A,3,3,4,,,3,3,1,4,4,4,4,,157.5,83,12.8,0.8,73.9,118.7,6.8,25.9,62.8,-0.14,0.59,-0.019,
2832097,5/8 Simmental,465B,1365,91,289Z,S D S GRADUATE 006X,3,3,4,,,3,2,1,3,2,2,3,,133.7,80.4,12.1,-0.6,78.2,121.5,6.5,28.8,67.9,-0.36,0.27,-0.06,
2832410,1/2 Simmental,475B,1370,95,598U,TJ HIGH BET 236X,3,3,3,,,3,3,1,3,4,4,4,,140.3,73.9,10.7,1,61.7,99.4,5.1,35.8,66.6,-0.1,0.51,-0.013,
2833397,,491b,1445,92,,,3,3,4,3,3,3,3,1,4,3,3,3,,,,,,,,,,,,,,
2793008,5/8 Simmental,503Z,1565,97,810TS,GW BLUE MOON 582W,3,4,3,,1,3,3,1,2,2,2,2,,134.6,66.7,17.3,0.7,59.5,95.8,8,28.7,58.4,-0.32,0.21,-0.081,
2833389,5/8 Simmental,509B,1485,97,666U,GW PREMIER 734Y,3,3,4,,,3,3,1,4,4,3,3,,135.1,73,11.4,0.1,64.6,101.9,6.9,23.7,56,-0.23,0.38,-0.068,
2472858,5/8 Simmental,513U,1620,95,562R,TFS LUCKY QUARTER 6471R,3,3,4,,,3,4,1,3,2,2,3,,147.9,72.2,14.9,0.7,51.4,83.6,6.9,31.6,57.3,-0.18,0.66,-0.067,
2832047,1/2 Simmental,522B,1345,91,411Z,GW PREMIUM BEEF 021TS,3,3,4,,,3,3,1,3,3,2,3,badtit,139.6,72.8,13.8,-2,62.2,102.5,7.1,26.4,57.5,-0.29,0.29,-0.042,
2832189,5/8 Simmental,526B,1520,100,223Y,GW PREMIUM BEEF 021TS,3,4,4,,,3,3,1,4,3,4,3,,146.5,82.3,12.9,-0.3,71.2,113.6,6.1,21.3,56.9,-0.2,0.58,-0.034,
2832286,5/8 Simmental,533B,1230,90,062X,GW REDESTINED 642X,3,3,4,,,3,3,1,3,3,3,2,,145.7,76.7,9.6,0,67.4,102,4.4,24.6,58.3,-0.27,0.48,-0.048,
2832295,5/8 Simmental,540B,1380,90,019X,GW STELLAR 429Z,3,3,3,,,3,3,2,3,3,3,3,,160.7,80.1,16,-1.5,55,87.6,8.5,25.8,53.2,-0.39,0.76,-0.077,
2954485,3/4 Simmental,542C,1445,91,321Z,GW CARRY ON Z0219,3,3,4,,,3,3,1,4,4,4,3,,128.3,80.9,7.9,1.9,85.8,136,5.2,21.1,63.9,-0.32,0.29,-0.074,
2472871,3/4 Simmental,551U,1475,75,805TS,GW LUCKY CHARM 665K,3,3,3,,2,3,3,1,2,1,2,3,,135.7,69.5,15.3,0.2,63.7,101,9.2,26.1,57.8,-0.17,0.25,-0.081,
2707892,Purebred,562A,1390,92,107X,GW REDESTINED 642X,3,2,4,,,2,3,1,3,4,4,2,,158.6,89.2,9,2.2,78.2,119.4,4.8,30,69.1,-0.5,0.56,-0.105,
2954510,1/2 Simmental,563C,1345,73,690U,CONNEALY BALANCE,3,3,4,,,3,3,2,3,3,3,4,,140.7,70.9,12,0.1,57.6,88.4,6.8,26.3,55.1,-0.2,0.47,-0.022,
2708237,1/2 Simmental,565A,1630,101,176Y,BAR CK MONEY MKR 121X,3,4,3,,,3,4,2,4,3,3,3,,152.3,80.1,9.2,2.2,65.6,102.7,5.5,19.9,52.6,-0.14,0.8,-0.024,
2954505,1/2 Simmental,566C,1260,93,0879N,GW PREDOMINATE 848A,3,3,3,,,3,3,1,4,4,4,4,,137.3,77.3,12.1,0.3,72.2,115,5.9,19.3,55.3,-0.23,0.39,-0.051,
2832060,1/2 Simmental,567B,1455,97,374Z,GW PREDESTINED 701T,3,3,4,,,3,3,1,4,4,4,3,,145.8,76,12,-0.7,67.2,105.1,5.8,25.2,58.7,-0.09,0.43,-0.014,
2707994,5/8 Simmental,568A,1390,99,527W,GW ROOKIE 171Y,3,4,4,,,3,3,1,4,3,4,4,,136.7,66.2,14.6,-0.7,57.2,93.3,7.7,29.7,58.2,-0.18,0.21,-0.035,
2708290,5/8 Simmental,571A,1555,92,664T,GW RIGHT PATTERN 602Y,3,4,3,,,3,4,1,3,3,3,2,,135.9,67.8,14.9,2,65.5,107.8,10.3,26.5,59.2,-0.02,0.25,-0.002,
2954506,,574c,1330,89,,,3,3,4,,,3,3,1,3,3,4,3,,,,,,,,,,,,,,
2954545,Purebred,575C,1280,70,245W,GW COMFORT ZONE 651Y,3,3,3,,,3,3,1,3,4,4,4,,138.2,70.6,12.7,0.1,62.7,94.8,3.3,23.4,54.7,-0.42,0.11,-0.082,
2832359,1/2 Simmental,598B,1610,82,980W,S D S ALUMNI 115X,3,3,4,,,3,4,1,3,3,2,3,,146.2,84.4,10.9,1.9,77.2,126.8,7.1,25,63.6,-0.21,0.61,-0.03,
3088644,Purebred,601D,1165,90,412B,GW END ZONE 135B,3,3,4,,,4,3,2,4,4,3,4,,163.5,79.7,16,-2.5,59.4,93.5,6.6,26.5,56.2,-0.37,0.4,-0.072,
2954555,5/8 Simmental,609C,1440,104,399Z,GW NEWCOMER 738A,3,3,3,,,3,4,1,3,3,4,3,,155.1,75.8,20,-2.5,58.2,95.5,11.5,26.2,55.2,-0.34,0.45,-0.073,
2954542,1/2 Simmental,610C,1370,92,431A,GW PREMIUM BEEF 021TS,3,3,4,,,3,3,1,3,3,3,2,,163.1,78.1,17.3,-0.7,65.9,109.7,9,23.7,56.6,-0.16,0.48,-0.036,
2710229,5/8 Simmental,613A,1465,99,748R,GW REDESTINED 642X,3,3,4,,,3,3,2,3,4,4,3,,146.1,82.9,5.7,1.3,76.9,121,3.3,25.7,64.1,-0.29,0.56,-0.061,
2954550,5/8 Simmental,615C,1190,96,221W,GW BAR CK BREAKOUT 667Z,3,3,3,,,3,2,2,3,3,3,4,,157.8,85.4,10.6,1.1,76.1,123.8,6.8,28.4,66.4,-0.34,0.6,-0.063,
2424270,3/4 Simmental,623T,1705,94,123N,CCR SNAKE EYES M217P,3,4,3,2,3,3,3,1,3,2,2,2,,103.7,61.4,8.3,1.3,56.9,89.6,6.7,22.4,50.8,-0.35,0.17,-0.078,
2832219,5/8 Simmental,630B,1295,98,103Y,TFS DUE NORTH 2659Z,3,3,3,,,3,3,2,3,4,4,3,,133,72,10.6,-0.7,63.2,96.7,5.7,25.2,56.8,-0.28,0.34,-0.049,
3088494,5/8 Simmental,634D,1140,93,945W,GW BAR CK BREAKOUT 667Z,3,3,3,,,2,3,1,3,3,3,4,,154.1,79.5,13.4,-0.5,60.9,100.6,8.3,27.7,58.1,-0.29,0.66,-0.063,
3088612,5/8 Simmental,638D,1240,95,693B,TJ MARLBORO MAN 360A,3,3,4,,,3,3,2,3,3,4,3,,152.6,81.8,11.5,1.8,75.6,118.2,8.4,28.7,66.5,-0.18,0.54,-0.031,
2954581,Purebred,647C,1425,93,616T,GW-WBF SUBSTANCE 820Y,3,4,3,,,3,4,1,3,3,3,2,,152.8,81.5,9.9,2.8,72.2,114.6,5.2,21.4,57.4,-0.34,0.47,-0.085,
2833345,1/2 Simmental,671B,1320,98,347Y,GW CARRY ON Z0219,3,3,4,,,3,3,1,3,3,3,2,,152.2,75.8,17.7,-2.2,61,100.6,10,28.7,59.1,-0.23,0.41,-0.05,
2954624,5/8 Simmental,677C,1295,106,740R,GW BAR CK BREAKOUT 667Z,3,4,3,,,3,4,1,4,4,3,3,,163.3,84.8,13,1.9,70.8,111.9,7.6,26.4,61.7,-0.25,0.77,-0.047,
,,685d,,,,,3,3,4,,,3,3,1,4,4,4,3,,,,,,,,,,,,,,
3088508,1/2 Simmental,686D,1240,91,503T,GW CARRY ON Z0219,3,3,4,,,3,4,1,4,4,4,4,,130.5,69.1,12.5,-0.7,62.2,104.1,7.1,26.2,57.3,-0.2,0.22,-0.043,
3088574,5/8 Simmental,688D,1380,88,226W,CCR SPARTAN 9124A,3,3,3,3,3,3,4,2,4,5,5,5,,158.9,81.7,14.9,-1.1,68.3,100,9.3,23.5,57.6,-0.1,0.61,-0.024,
3088514,1/2 Simmental,689D,1185,88,115Z,GW CARRY ON Z0219,3,2,4,,,3,2,2,3,4,4,4,,147,78,13.7,-1.7,65.3,105.7,7.8,24.4,57,-0.23,0.46,-0.038,
2834591,5/8 Simmental,693B,1365,80,564U,GW BAR CK BREAKOUT 667Z,3,2,4,,,3,3,1,3,3,3,3,,143.8,79.3,5.7,2.5,74.7,118.1,4.8,28.1,65.3,-0.28,0.52,-0.068,
3088495,5/8 Simmental,699D,1265,99,019X,GW BAR CK BREAKOUT 667Z,3,3,3,,,3,3,2,3,3,2,4,,141.8,79.3,7.9,1.5,74.3,119.7,5.2,22.7,59.8,-0.38,0.46,-0.088,
2954657,1/2 Simmental,724C,1415,79,302X,GW MARSHALL 756A,3,4,3,,,3,3,1,4,3,4,3,,133.6,79.9,10.1,1,75.3,119.8,4.9,23.9,61.5,-0.28,0.44,-0.048,
3088721,5/8 Simmental,756D,1140,87,259Y,GW BAR CK BREAKOUT 667Z,3,4,3,,,3,4,1,5,4,4,4,,145.9,82.1,7.8,1.5,75.1,118.7,4.9,26.3,63.9,-0.24,0.57,-0.053,
2954696,5/8 Simmental,776C,1285,75,390Z,GW PREMIUM BEEF 021TS,3,2,4,,,3,2,1,2,3,3,3,,144.3,75.1,12,-0.5,66.1,105.9,6.2,22.9,56,-0.26,0.4,-0.038,
,,788c,1445,102,,,3,3,4,,,3,3,1,4,4,4,4,,,,,,,,,,,,,,
3088749,5/8 Simmental,788D,1250,87,217X,MF DUAL GAMBLER 57X,3,4,3,,,3,4,1,4,4,3,4,,173.9,82.1,15.5,-2.1,58.3,91.8,10.8,26.7,55.8,-0.25,0.76,-0.031,
3088768,Purebred,806D,1190,64,551U,GW END ZONE 135B,3,4,3,,,3,3,1,4,4,4,4,,158.9,75,16.3,-1.5,56.1,87,7.7,25.7,53.7,-0.29,0.36,-0.073,
3012779,1/2 Simmental,817C,1310,96,220Y,B/R DOUBLE VISION 2078,3,2,3,,,3,3,1,3,2,2,4,,135.8,72.5,10.6,1.4,61,101.2,6.7,29.2,59.7,-0.22,0.49,-0.029,
,,817d,,,,,3,3,3,,,3,3,1,3,3,4,3,,,,,,,,,,,,,,
3088863,5/8 Simmental,820D,1260,93,049W,GW COMMOTION 333B,3,4,3,,,3,3,1,4,4,4,3,,135.7,74.2,12.2,1,71.1,113.4,8,22.4,57.9,-0.22,0.32,-0.055,
2960564,1/2 Simmental,824C,1325,88,032X,TJ HIGH BET 236X,3,2,4,,,3,3,1,3,4,4,3,,141.8,79,14,1.9,70.5,115.4,7.3,28.6,63.8,-0.17,0.53,-0.036,
2472979,5/8 Simmental,837U,1490,100,853P,GW LUCKY CHARM 129R,3,3,4,,,3,3,1,4,4,3,3,,130.8,62.5,13.7,0.2,54.2,81.4,4.5,19.5,46.6,-0.06,0.28,-0.037,
3093714,1/2 Simmental,881D,1240,89,113Y,5L ADVANTAGE 560-108B,3,3,3,,,3,3,1,3,3,3,3,,140.7,77,12.8,0.1,69.3,104.9,6.1,22.2,56.8,-0.2,0.45,-0.048,
2954613,3/8 Simmental,909C,1265,88,N319,GW REDESTINED 642X,3,3,4,,,3,3,1,3,3,3,2,,141.9,74.5,13.3,0.1,67.1,103.8,6.7,27.7,61.1,-0.35,0.34,-0.073,
3116950,3/4 Simmental,909D,1210,95,616T,GW CARRY ON Z0219,3,4,3,3,3,3,3,1,4,3,4,4,,129,69.9,12.2,0.9,65,103.8,6.6,22.4,54.8,-0.31,0.27,-0.08,
2832447,5/8 Simmental,911B,1530,96,T705,GW PREMIUM BEEF Y1030,3,3,4,,,3,4,1,3,3,3,4,,126.7,62.5,5.5,1.7,56,87.4,0.6,19.4,47.4,-0.42,0.28,-0.074,
3116952,5/8 Simmental,912D,1280,99,248X,GW ROOKIE 171Y,3,3,4,,,3,4,1,4,3,3,3,,142.9,74.5,12.3,0.5,65.7,107.5,7.7,21.8,54.7,-0.19,0.44,-0.046,
3195065,,d655,1230,78,,,3,3,3,,,3,3,1,3,4,4,4,,,,,,,,,,,,,,
2792904,Purebred,321Z,1550,95,107X,GW REDESTINED 642X,4,3,4,,,3,3,1,4,4,4,3,,157.9,87.6,10,3.1,86.5,131.9,6.3,24.6,67.8,-0.43,0.37,-0.094,
2711764,5/8 Simmental,346A,1585,99,055X,GW REDESTINED 642X,4,3,4,,,3,3,1,4,4,4,2,,142.4,78.1,7.6,1.9,74.9,116.2,4.6,27.4,64.8,-0.32,0.43,-0.07,
2832134,5/8 Simmental,485B,1590,83,205Z,GW PREDESTINED 701T,4,3,3,3,3,3,3,1,4,4,4,4,,153.7,80.3,7.4,0.8,71.3,115.4,2.7,27.7,63.3,-0.3,0.54,-0.046,
2832365,1/2 Simmental,510B,1440,87,945W,TJ HIGH BET 236X,4,3,4,,,3,3,1,3,3,2,3,,139.3,77.9,14.1,0.4,69.1,110,7.5,25.8,60.3,-0.32,0.45,-0.058,
2954481,5/8 Simmental,548C,1580,87,936TS,TFS DUE NORTH 2659Z,4,4,4,,,3,4,1,4,4,4,4,,137.2,78.8,9.4,1.2,75.2,121.4,4.9,28.7,66.2,-0.34,0.38,-0.064,
2954490,5/8 Simmental,559C,1395,97,476A,MF DUAL GAMBLER 57X,4,2,3,,,3,3,1,3,3,4,3,,157.6,81,16.4,-1,70,106.9,11,22.3,57.2,-0.2,0.51,-0.03,
2424263,Purebred,616T,1830,98,214M,GW LUCKY ONE 686K,4,4,3,3,2,3,4,1,3,3,3,3,,134.5,69.5,9.1,2.2,61.6,99,3.8,28.7,59.4,-0.4,0.18,-0.111,
2954604,5/8 Simmental,654C,1375,90,449A,GW PREDOMINATE 848A,4,3,3,,,3,2,1,3,2,3,3,,148.4,78.5,12.5,0.4,73.1,115.9,6.4,25.5,62,-0.26,0.39,-0.042,
2960689,5/8 Simmental,836C,1720,37,720U,GW STELLAR 429Z,4,3,4,,,3,4,1,4,4,4,4,,163.2,82.8,13.9,-0.2,62.9,103.6,5.9,29.4,60.8,-0.27,0.75,-0.055,
2954591,5/8 Simmental,905C,1375,97,A358,GW STELLAR 429Z,4,2,4,,,3,2,1,3,3,4,3,,157,81.3,10.7,-0.3,61.5,97.4,5.2,28.1,58.8,-0.39,0.73,-0.09,
2710234,5/8 Simmental,A360,1695,96,777R,GW-WBF SUBSTANCE 820Y,4,3,4,3,3,3,3,2,3,2,3,3,,151.5,76,14.4,0.6,64.5,100.2,8.7,20.5,52.7,-0.18,0.54,-0.06,
,,034x,,,,,3,3,4,3,3,3,3,1,2,1,2,1,,,,,,,,,,,,,,
2832112,3/4 Simmental,404B,1255,100,261Z,HOOK`S YUKON  80Y,2,3,3,4,3,3,3,2,3,3,3,4,,158.1,78.2,15.2,-0.2,68.3,98.7,8.2,29.4,63.5,-0.51,0.22,-0.073,
2832066,5/8 Simmental,464B,1350,97,361Z,S D S GRADUATE 006X,2,3,3,4,4,3,3,1,3,2,2,2,,132.8,70.9,13.7,-1.4,62.8,97.2,7.7,30.8,62.2,-0.4,0.2,-0.075,
2708225,1/2 Simmental,511A,1535,65,843TS,GW PREMIER 734Y,2,4,3,2,3,3,4,1,3,3,3,4,,144.4,72.4,11.8,-0.9,61.6,100.8,7.3,22.4,53.1,-0.16,0.4,-0.029,
3133060,,600d,1180,90,,,2,3,3,4,4,3,3,1,4,4,4,3,,,,,,,,,,,,,,
3088430,5/8 Simmental,615D,1135,70,420B,GW ROOKIE 171Y,2,2,4,2,3,3,3,1,2,4,4,4,,148.7,78.8,15.4,-1.4,62.8,104.3,9.3,26.8,58.1,-0.18,0.55,-0.035,
3088643,Purebred,653D,1050,90,463B,GW END ZONE 135B,2,2,4,3,3,3,3,2,3,3,4,3,,163.4,78.1,15.8,-3.4,56.1,87.8,5.5,25.6,53.6,-0.34,0.38,-0.061,
3088457,5/8 Simmental,684D,1090,77,258Z,TFS DUE NORTH 2659Z,2,3,4,3,3,3,3,1,3,4,4,3,,143.9,73.3,16.1,-2.4,58.9,93.4,7.9,26.4,55.8,-0.29,0.37,-0.036,
3100841,3/4 Simmental,704C,1295,79,855TS,GW-WBF SUBSTANCE 820Y,2,4,3,3,3,3,4,2,3,3,4,4,33,149.8,77.1,14.6,0.2,65.9,101.9,7,23.5,56.4,-0.38,0.48,-0.099,
3088742,1/2 Simmental,752D,1200,93,580B,HXC CONQUEST 4405P,2,4,3,3,3,3,4,1,4,4,4,3,,137.7,71.6,14.7,-2.3,66.4,102.3,8.9,22.8,55.9,-0.15,0.18,-0.024,
3088731,5/8 Simmental,767D,1170,101,459A,GW COUNTRY BOY 142B,2,3,3,3,3,3,2,1,3,3,3,3,,152.5,75.9,17.5,-2.9,61.4,101.9,9.5,23.7,54.4,-0.38,0.36,-0.086,
3093715,1/4 Simmental,884D,1105,78,209Y,5L ADVANTAGE 560-108B,2,3,3,3,3,3,3,1,3,4,4,4,,149.3,74.8,14.8,-3,57.7,88,7.1,22.5,51.3,-0.07,0.62,-0.001,
2832301,5/8 Simmental,919B,1305,90,X0170,GIBBS 0540X HY LEWISTOWN,2,3,3,3,3,3,3,1,3,4,4,3,,137.2,67.3,12.8,-0.2,53.7,86,6,18.8,45.6,-0.31,0.4,-0.063,
2472848,5/8 Simmental,041U,1475,94,845TS,GW LUCKY CHARM 665K,3,3,3,4,3,3,2,2,2,1,2,3,,140.2,69.1,15.5,-0.7,55,91.3,7.8,38.3,65.6,-0.34,0.29,-0.084,
2708039,5/8 Simmental,0474A,1325,94,930W,GW PREDESTINED 701T,3,2,3,3,3,3,3,2,3,4,4,4,,169.8,85,12.1,0.1,71.4,114.4,5.9,23.6,59.1,-0.17,0.69,-0.028,
3088440,,109d,1255,97,,,3,3,3,3,3,3,3,1,4,3,3,4,,,,,,,,,,,,,,
2792831,1/2 Simmental,207Z,1455,84,112X,GW PREDESTINED 701T,3,3,3,4,3,3,3,1,3,2,2,2,,161.3,84.3,13.4,-2.2,63.6,102.5,6.9,28.7,60.4,-0.21,0.72,-0.025,
2523528,5/8 Simmental,249W,1435,98,336M,TFS LUCKY QUARTER 6471R,3,3,3,3,3,3,3,2,3,4,4,3,,147,69,12.2,0.5,55.2,86.9,6.6,23.8,51.4,-0.12,0.49,-0.03,
2792874,3/4 Simmental,269Z,1395,95,550P,GW PREMIUM BEEF 021TS,3,3,4,3,3,4,4,1,3,2,2,2,,129,68.1,11.7,0.1,64.2,105,2.4,24,56.1,-0.24,0.18,-0.056,
2604266,1/2 Simmental,302X,1445,85,782R,GW LUCKY POINT 273U,3,3,4,3,3,3,2,1,4,4,3,4,,136.9,69.5,14.8,-1.5,52.6,86.4,8.5,29.6,55.9,-0.26,0.4,-0.049,
2658804,3/4 Simmental,377Y,1640,93,523P,GW PREDESTINED 701T,3,3,4,3,3,4,3,1,4,3,3,3,,152.4,75.4,11.4,-0.8,60.2,97,4.3,33.2,63.3,-0.32,0.49,-0.073,
2792964,,416z,1475,93,,,3,3,4,4,3,3,3,1,4,3,3,3,,,,,,,,,,,,,,
2708401,1/2 Simmental,474A,1670,98,934TS,GW PREDESTINED 701T,3,4,3,4,3,3,4,1,4,4,4,3,,141.4,79.7,12.3,1.6,77.3,119.5,5.7,25.2,63.8,-0.15,0.43,-0.031,
2832156,5/8 Simmental,506B,1535,96,336Y,TFS DUE NORTH 2659Z,3,3,3,3,3,3,3,1,4,4,4,4,,150.2,79.6,16,-0.2,70.3,113.4,7.9,23.9,58.9,-0.32,0.45,-0.053,
2832031,5/8 Simmental,507B,1300,66,472Z,GW PREDESTINED 701T,3,3,3,4,3,3,2,1,3,4,4,4,,151.6,79.4,12.2,-0.5,65.5,105.5,7.3,28.1,60.8,-0.19,0.57,-0.04,
2954451,5/8 Simmental,523C,1605,93,104W,GW PREMIUM BEEF 021TS,3,4,3,3,2,3,3,1,3,2,3,2,,148.8,76.5,13.2,-1.2,63.3,99.9,6.3,22.1,53.7,-0.2,0.5,-0.037,
2832535,3/4 Simmental,539B,1480,76,800P,HOOK`S YUKON  80Y,3,4,3,4,3,3,4,1,4,3,3,3,,130.3,69.1,11.8,0.9,68.9,97.4,7.6,28.7,63.2,-0.43,0.14,-0.083,
2954476,5/8 Simmental,545C,1420,75,125W,GW ROOKIE 171Y,3,3,3,3,4,3,4,1,4,3,3,3,,153.7,74.3,16.6,-1.3,57.2,88.8,10.3,22.2,50.8,-0.17,0.55,-0.036,
2954513,5/8 Simmental,582C,1430,100,210X,GW PREMIUM BEEF 021TS,3,3,4,3,3,3,3,1,4,4,3,3,,143.4,77.8,13.9,-1.1,65.9,107.4,6.9,27.2,60.1,-0.26,0.45,-0.038,
2954521,Purebred,593C,1365,93,501A,GW-WBF SUBSTANCE 820Y,3,3,3,4,3,3,3,1,3,3,3,3,,163.2,83,16.4,0,69.3,108.9,9.2,23.4,58,-0.47,0.4,-0.105,
,,606a,1655,98,,,3,3,4,4,4,3,3,1,4,3,3,3,,,,,,,,,,,,,,
2472903,,633u,1455,88,,,3,3,4,4,4,3,3,1,3,2,3,4,,,,,,,,,,,,,,
-3088446,1/2 Simmental,637D,1185,98,424B,J BAR J NIGHTRIDE 225Z,3,3,4,3,3,4,3,1,4,4,4,3,,153.3,81,14.6,-1.5,64.6,104.2,7.6,19.9,52.2,-0.21,0.62,-0.047,
3088456,5/8 Simmental,675D,1265,83,238Z,TFS DUE NORTH 2659Z,3,3,4,4,3,3,3,2,4,5,5,5,,147.9,77.1,14.1,-0.9,65.1,101.3,7.8,27.2,59.7,-0.28,0.46,-0.034,
3088517,5/8 Simmental,715D,1340,97,416Z,GW CARRY ON Z0219,3,3,3,3,3,3,3,1,4,4,4,3,,150.2,78.4,14.8,-2.1,65,103.4,6.3,25,57.5,-0.3,0.44,-0.059,
-3088587,Purebred,729D,1180,87,210X,XSIM LUCKY CHARM H2050,3,3,3,3,4,3,2,1,3,3,3,4,,135.6,71.5,9.3,2,68.4,106.7,3.7,26.7,60.9,-0.42,0.1,-0.09,
2954658,5/8 Simmental,739C,1280,71,405Z,GW RAIDER 708A,3,3,3,3,4,3,3,1,4,4,4,4,,137.2,71,15,-0.7,67.9,105.7,7.1,17.7,51.6,-0.19,0.2,-0.05,
3088847,3/4 Simmental,759D,1250,82,174Y,XSIM LUCKY CHARM H2050,3,3,3,3,3,3,3,1,4,4,4,3,,118.3,65.7,5.5,3.3,64.9,103,1.3,25.9,58.3,-0.45,0.23,-0.092,
3093718,1/2 Simmental,859D,1415,66,239Y,5L ADVANTAGE 560-108B,3,4,3,3,3,3,3,1,4,4,4,4,,143.9,77.7,12.8,0.3,70.5,105.8,8.1,22.5,57.7,-0.22,0.46,-0.048,
2832554,1/2 Simmental,912B,1475,95,CM101L,GW PREMIUM BEEF Y1030,3,3,4,3,3,3,4,1,4,4,4,4,,133.2,60.2,12,-0.6,50,76.3,5.8,27.6,52.5,-0.17,0.2,-0.037,
3116973,3/4 Simmental,922D,1155,86,728TS,GW ROOKIE 171Y,3,3,3,3,3,3,2,1,3,3,4,3,,145.5,72.6,15.7,-0.1,61.7,97.5,9.4,25.9,56.7,-0.33,0.38,-0.087,
2708370,5/8 Simmental,359A,1485,92,240X,GW PREDESTINED 701T,4,3,4,2,3,3,3,1,3,4,3,3,,154.8,80.1,12.2,-0.1,75.8,123.5,5.8,23.1,60.9,-0.15,0.39,-0.028,
3088529,5/8 Simmental,647D,1355,95,568A,GW PREDOMINATE 848A,4,3,3,3,3,3,3,1,4,4,4,4,,144.2,78,11.7,0.5,73.6,113.6,5.8,22,58.7,-0.17,0.41,-0.029,
2954615,Purebred,672C,1410,98,551U,HOOK`S YELLOWSTONE  97Y,4,3,4,4,3,3,3,1,4,3,2,3,,135.9,75.4,13.3,0.3,74.1,115.1,7.4,22.2,59.2,-0.31,0.05,-0.096,
3116919,5/8 Simmental,086D,1110,87,064X,GW BAR CK BREAKOUT 667Z,2,4,3,2,3,3,3,1,4,4,5,4,,149.4,77.3,11.6,0.4,63.7,102.8,7,23.7,55.5,-0.22,0.59,-0.055,
2658743,Purebred,113Y,,,167W,ELLINGSON LEGACY M229,2,3,4,4,4,3,3,3,3,2,2,3,,133.6,71.9,11.8,1.1,68.4,105,4.8,26.6,60.8,-0.46,0.05,-0.119,
2523658,1/2 Simmental,164W,1400,78,269L,LCC NEW DEAL G673L,2,3,3,3,3,3,3,1,3,3,2,3,,140,60.7,16,-1.7,41.3,64.5,9.7,20.8,41.5,-0.06,0.4,0.001,
,,248W,1300,89,,,2,3,3,3,3,3,2,1,3,3,2,2,,,,,,,,,,,,,,
2604141,5/8 Simmental,277X,1225,90,846R,GW PREDESTINED 701T,2,3,3,3,3,3,3,1,3,3,3,3,,178.5,77.7,18.4,-5.4,44,64.9,11.6,29.6,51.5,-0.2,0.77,-0.03,
2613903,5/8 Simmental,337X,1395,79,795U,GW PREMIUM BEEF 021TS,2,3,3,3,3,3,3,1,3,2,2,3,,161.9,72.1,20.2,-2.9,54.9,89.3,8.7,31.4,58.8,-0.24,0.36,-0.024,
2792924,3/4 Simmental,347Z,1545,87,605R,GW PREDESTINED 645W,2,4,3,4,3,4,3,2,3,2,2,3,,158,78,14.7,-0.1,64,100.3,7.8,29,60.9,-0.34,0.53,-0.065,
2708220,5/8 Simmental,383A,1300,95,724TS,TJ HIGH BET 236X,2,3,3,3,2,3,3,1,3,4,3,4,,124.4,65.8,11.5,0.4,56.5,85.2,6.7,31.4,59.6,-0.28,0.28,-0.059,
2832036,1/2 Simmental,446B,1320,84,449Z,RAB-EGL BLUE MOON 4407M,2,3,3,3,3,3,2,1,4,4,4,4,,157.3,78.6,19,-4,54.6,90.8,10.6,27.3,54.6,-0.23,0.59,-0.048,
2424191,1/2 Simmental,537T,1365,74,517R,G A R US PREMIUM BEEF,2,3,3,3,3,4,3,2,3,2,2,2,,142.6,65.6,10.3,0.3,48.4,80.8,6.6,33,57.1,-0.31,0.44,-0.052,
2832325,1/2 Simmental,584B,1375,85,151W,GW PREMIUM BEEF 021TS,2,3,4,3,2,4,3,1,3,2,2,2,,154,80.8,11.6,-1,64.8,107.9,5.8,26.2,58.6,-0.14,0.63,-0.005,
2710228,5/8 Simmental,588A,1315,79,943W,GW REDESTINED 642X,2,3,3,4,4,3,3,2,4,4,4,2,,130.1,71,10,1.9,71,105.1,6.8,16.4,51.9,-0.45,0.25,-0.093,
2832257,3/4 Simmental,593B,1355,86,181X,GW ROOKIE 171Y,2,2,3,3,3,3,2,1,2,3,2,2,,151.8,72.8,18.3,-1.2,62.4,99,10.4,23.2,54.4,-0.31,0.32,-0.089,
2954603,1/2 Simmental,661C,1300,86,355Z,GW CARRY ON Z0219,2,3,3,3,3,4,3,1,4,3,3,3,,149.9,79.3,14.5,-0.3,68.4,112.3,7.7,25.1,59.3,-0.1,0.52,-0.023,
3088689,1/2 Simmental,667D,960,87,528B,CONNEALY BALANCE,2,3,3,3,3,3,2,1,2,3,4,2,,152.8,71.7,16.5,-1.1,53.6,82.1,7.3,26.1,52.8,-0.19,0.52,-0.031,
2863170,3/4 Simmental,694B,1250,87,442P,GW ROOKIE 171Y,2,4,3,3,3,3,2,1,3,3,4,3,,140.6,72.7,12.8,-0.4,63.8,99.9,6.5,18.9,50.7,-0.33,0.17,-0.077,
2863103,Purebred,700B,1265,79,037TS,GW PREDESTINED 770Y,2,2,3,2,3,2,2,2,2,4,4,4,,144.1,75.2,6.4,1.9,65,102.3,2.2,34.2,66.6,-0.39,0.32,-0.092,
2954655,,740c,1315,85,,,2,3,4,4,4,3,3,1,4,4,3,4,,,,,,,,,,,,,,
3088775,5/8 Simmental,811D,1145,63,449A,GW GOLDEN EAGLE 015B,2,2,3,2,3,3,2,1,3,4,4,4,,147.4,71.1,17,-1.7,61.1,101.5,8.4,27.3,57.8,-0.2,0.26,-0.043,
2833363,5/8 Simmental,890B,1210,73,218X,GW PREMIUM BEEF 021TS,2,2,4,3,3,3,3,2,2,2,2,2,,155.4,72.3,14.2,-1.3,55.6,90,7.8,26.7,54.5,-0.28,0.46,-0.039,
2708127,,928A,1425,89,,,2,3,4,3,3,3,3,1,4,4,4,3,,,,,,,,,,,,,,
2834616,1/2 Simmental,Z219,1465,89,W917,GW PREMIUM BEEF 021TS,2,3,4,3,3,3,3,2,3,4,4,2,,147.2,72.3,10.5,-0.1,55.4,92.7,5.2,26.9,54.6,-0.26,0.55,-0.049,
2523624,,100W,1610,94,,,3,3,3,3,3,3,3,1,4,4,4,2,,,,,,,,,,,,,,
2658780,5/8 Simmental,126Y,1380,93,902W,GW PREDESTINED 701T,3,3,4,3,3,3,2,2,3,4,3,4,,152,72.6,16.5,-3.1,58.2,88.8,8.1,19.1,48.1,-0.22,0.37,-0.043,
2604208,5/8 Simmental,140X,1475,92,821TS,GW LUCKY ACE 076TS,3,3,4,4,2,3,3,1,3,2,3,2,,130,64.1,9.2,2.4,55.7,87.9,5.5,20.7,48.5,-0.27,0.38,-0.056,
2604221,5/8 Simmental,158X,1420,91,543T,GW PREMIUM BEEF 021TS,3,3,4,3,2,4,3,1,3,3,4,4,,143.2,70.7,16.1,-0.7,59.5,96.3,7.6,21.1,50.8,-0.37,0.33,-0.042,
2523655,3/4 Simmental,161W,1485,87,558P,GW PREDESTINED 701T,3,3,3,3,3,3,3,2,2,4,4,4,,152.7,73.1,11.3,0.6,62.3,96.2,6.5,25,56.1,-0.38,0.44,-0.084,
2604232,Purebred,181X,1410,92,490N,GW LUCKY ACE 076TS,3,2,4,4,4,3,3,1,3,3,2,2,,149.7,70.1,12.8,0.7,55.2,85.3,7.2,24.4,52,-0.45,0.28,-0.118,
2658893,1/2 Simmental,184Y,1495,94,412P,QUAKER HILL OBJECTIVE 3J15,3,2,3,2,3,3,3,3,2,4,3,4,,157,75.9,16.3,-0.5,62.7,100.7,8.3,20.7,52,-0.22,0.51,-0.06,
2604253,1/2 Simmental,205X,1620,80,615T,GW PREMIUM BEEF 021TS,3,3,4,3,3,3,4,1,3,2,3,4,,145.4,79.2,14.1,-0.5,65.6,107.4,7.2,28,60.8,-0.18,0.55,-0.03,
2792846,1/2 Simmental,225Z,1300,85,084X,TJ HIGH BET 236X,3,2,4,4,4,3,2,1,3,3,2,2,,141.2,72.7,11.4,-0.2,60.9,96.4,5.2,32,62.3,-0.27,0.41,-0.054,
2523514,1/2 Simmental,232W,1555,95,709R,GW PREDESTINED 701T,3,3,4,4,3,3,3,3,4,3,3,3,,153,78.7,9.5,1.1,68,109.8,5.6,29.3,63.2,-0.15,0.58,-0.028,
2707823,5/8 Simmental,237A,1420,93,070X,TJ HIGH BET 236X,3,3,4,3,3,3,4,1,4,3,3,3,,157,73.2,22.5,-3.7,54.9,89.9,12.3,31.7,59.1,-0.28,0.35,-0.063,
2604267,Purebred,300X,1510,86,516R,MMF BO R1,3,3,4,4,4,3,3,2,3,2,2,2,,132.4,70.3,8.2,3.3,65.1,103.4,3.1,29.1,61.6,-0.54,0.16,-0.134,
2658900,1/2 Simmental,306Y,1550,89,072K,RAB-EGL BLUE MOON 4407M,3,3,3,3,3,2,3,1,2,3,3,3,,130.9,69.3,12.4,0.1,55.6,90.4,8.6,30.7,58.5,-0.26,0.41,-0.06,
2707887,3/4 Simmental,385A,1420,83,103X,GW BLUE MOON 582W,3,3,3,3,3,3,2,1,3,2,3,2,,140.2,72.3,14.7,0.2,59.5,99.2,8.7,34.6,64.3,-0.34,0.39,-0.083,
2832067,3/8 Simmental,424B,1375,99,362Z,A A R TEN X 7008 S A,3,3,4,2,3,4,2,1,3,2,2,3,,130.9,74.9,11.5,1.3,73.4,117.5,6.4,16,52.6,-0.2,0.45,-0.058,
2954541,1/2 Simmental,424C,1460,84,232W,GW PREMIUM BEEF 021TS,3,3,4,3,3,3,3,2,4,3,3,3,,144.8,80.1,11.6,1.2,73.1,119.1,6.1,24.7,61.3,-0.28,0.49,-0.043,
2708111,3/4 Simmental,446A,1550,61,519R,GW PREMIUM BEEF 021TS,3,3,4,2,4,3,3,1,3,3,3,3,,142.1,76.7,9,1.6,70.3,111.2,4.5,20.7,55.8,-0.48,0.44,-0.102,
2707906,Purebred,463A,1485,83,092W,GW PREDESTINED 770Y,3,3,4,4,3,3,2,1,3,2,2,3,,160.3,82.5,17.3,-0.8,66.8,107.1,9.2,29.4,62.8,-0.4,0.38,-0.098,
2832056,3/4 Simmental,463B,1360,81,384Z,GW PREMIUM BEEF 021TS,3,2,4,3,3,3,2,1,2,3,2,2,,135.6,74,10.2,-0.3,68.5,109.8,2.5,23.6,57.9,-0.27,0.31,-0.056,
,,479b,1560,93,,,3,3,3,4,3,3,3,2,4,4,3,3,,,,,,,,,,,,,,
2832404,Purebred,511B,1410,96,0615U,HOOK`S YUKON  80Y,3,3,3,4,3,3,3,1,3,3,3,3,,141.2,75.5,9.3,2.2,73.9,107.6,6.7,22.3,59.2,-0.47,0.16,-0.09,
2832094,5/8 Simmental,519B,1280,84,687Z,GW PREDESTINED 701T,3,2,4,4,3,3,2,1,3,4,3,4,,154.9,77.9,11.6,-0.2,65.3,103.7,5.3,25,57.6,-0.24,0.54,-0.042,
2832218,1/2 Simmental,527B,1485,76,109Y,GW CARRY ON Z0219,3,3,4,3,3,3,3,1,4,2,4,4,3,142.5,80.5,13.7,-1.6,73,117.8,6.8,23.8,60.3,-0.23,0.38,-0.041,
2954478,Purebred,547C,1315,89,181X,GW COMFORT ZONE 651Y,3,3,4,2,,4,3,1,2,2,3,4,club,151.6,72.8,16,-0.2,61.7,95.6,4.7,24.1,54.9,-0.45,0.17,-0.098,
2954488,,551c,1340,89,,,3,3,4,3,3,3,3,2,4,2,2,3,,,,,,,,,,,,,,
2832361,1/2 Simmental,552B,1530,88,974W,GW CARRY ON Z0219,3,3,4,3,3,3,3,1,3,4,4,2,,129,75.8,10.7,1.3,74.5,119.3,5.3,24.5,61.7,-0.22,0.32,-0.045,
2708395,5/8 Simmental,558A,1360,95,213Y,GW L QUARTER 864Y,3,3,4,3,2,3,2,2,3,4,4,4,,124.6,62.2,13.6,-0.1,56.1,88.5,7.5,27.5,55.5,-0.32,0.11,-0.073,
2832387,3/4 Simmental,561B,1535,77,753U,GW-WBF SUBSTANCE 820Y,3,2,3,4,3,3,2,1,3,3,4,3,,145.3,78.5,9.5,1.3,72.2,115.5,4.9,26.2,62.2,-0.38,0.45,-0.089,
2954546,,577c,1410,87,,,3,3,4,3,3,2,3,1,2,2,3,3,,,,,,,,,,,,,,
2707928,Purebred,582A,1425,87,113W,LBR GOLD DIGGER W524,3,3,3,3,3,3,3,1,2,2,2,2,,135.6,67.7,10.4,0.7,56.5,86.5,5.8,30.7,58.9,-0.32,0.17,-0.101,
,,590a,1640,87,,,3,3,4,4,2,3,4,1,4,3,3,3,,,,,,,,,,,,,,
2954583,Purebred,634C,1215,85,217X,HOOK`S YELLOWSTONE  97Y,3,3,4,4,4,4,3,1,4,3,4,4,,164.5,84.8,12.5,-0.4,72.5,111.9,6.9,22.5,58.7,-0.45,0.41,-0.098,
2833347,1/2 Simmental,661B,1470,48,303Y,GW CARRY ON Z0219,3,3,4,3,1,4,3,1,2,2,3,3,,136.1,76.7,12.8,-0.6,68.7,112.5,5.1,32,66.3,-0.11,0.37,-0.03,
2954607,Purebred,663C,1255,82,275Y,XSIM LUCKY CHARM H2050,3,3,4,3,3,3,2,1,2,2,2,3,,131.4,66.7,10.7,0.6,60.9,97.6,3.8,28.4,58.8,-0.57,-0.03,-0.113,
2954598,,666c,1465,82,,,3,3,4,3,3,3,3,1,4,3,3,3,,,,,,,,,,,,,,
-3088585,Purebred,718D,1160,70,115W,XSIM LUCKY CHARM H2050,3,3,3,3,3,2,2,2,3,3,4,3,,149.9,74.4,10.8,2,66.2,102.9,6.3,24.9,57.9,-0.45,0.26,-0.098,
-3151344,Purebred,719D,1175,64,115W,XSIM LUCKY CHARM H2050,3,3,3,3,3,3,2,2,3,4,4,3,,150.9,74.3,11.3,1.5,64.9,100.9,6.3,25.2,57.6,-0.45,0.26,-0.098,
2594285,Purebred,734U,1520,93,141N,GW LUCKY MAN 644N,3,3,4,4,3,3,3,1,2,1,1,2,,145.5,75,9.3,2.7,68.3,107.2,7,30.4,64.4,-0.48,0.25,-0.11,
2954704,1/2 Simmental,777C,1345,72,389Z,B/R DOUBLE VISION 2078,3,3,4,4,4,4,3,2,4,3,4,3,,145.1,76.9,12.2,2.1,60.8,103.8,6.7,30,60.3,-0.11,0.82,-0.007,
2472961,Purebred,808U,1530,76,520R,GW LUCKY CHARM 069TS,3,3,4,4,4,4,3,2,4,2,2,3,,149.2,74.4,10,1.9,61.3,94.6,3.6,37.3,67.9,-0.5,0.32,-0.135,
2832352,1/2 Simmental,820B,1460,82,022W,TJ HIGH BET 236X,3,3,4,4,4,3,3,1,4,4,4,4,,153.8,73.9,17.1,-1.6,54.3,88.3,8.2,34.1,61.2,-0.24,0.51,-0.045,
3093642,5/8 Simmental,830D,1255,84,369A,GW ROOKIE 171Y,3,4,3,3,3,3,3,2,4,4,4,4,,138.7,75.6,14.5,-1.2,66.8,107.8,8.5,22.1,55.5,-0.27,0.35,-0.065,
2472975,Purebred,833U,1475,95,214M,GW LUCKY CHARM 665K,3,3,3,3,3,3,3,2,3,2,2,3,,146.8,68.7,15.7,0.4,59.1,92.4,7.5,26.8,56.3,-0.39,0.1,-0.104,
-3151348,Purebred,835D,1140,68,649U,XSIM LUCKY CHARM H2050,3,3,4,3,3,3,3,2,3,3,3,3,,144.2,70.7,14.2,0,59.4,98.3,6.9,27.1,56.8,-0.49,0.13,-0.106,
3151349,5/8 Simmental,846D,1145,79,289Y,GW CARRY ON Z0219,3,3,3,3,3,3,3,2,3,3,4,4,,144.2,77.2,13.9,-0.7,66.4,105.5,7,25,58.2,-0.25,0.44,-0.057,
2875320,,899b,1490,92,,TFS DUE NORTH 2659Z,3,3,3,3,3,3,3,1,3,3,3,2,,,,,,,,,,,,,,
2955038,1/2 Simmental,924C,1385,93,Z219,GW PREDOMINATE 848A,3,2,3,3,3,3,3,1,3,4,3,3,,149.4,81.5,7.7,2.4,74,115.9,3.3,20.1,57,-0.24,0.65,-0.038,
3116976,5/8 Simmental,924D,1085,65,453A,GW GOLDEN EAGLE 015B,3,3,3,3,3,3,3,1,4,4,4,4,,143,72,14.3,0.5,64.5,109.2,7.9,22.9,55.1,-0.17,0.35,-0.041,
2523734,3/4 Simmental,984W,1435,81,096K,GW PREMIUM BEEF 021TS,3,3,4,4,3,3,3,1,3,1,2,3,,135.9,66,17,-2.8,51.2,79.5,4.8,25.8,51.4,-0.43,0.22,-0.071,
2472993,1/2 Simmental,U805,1610,90,ST603,TFS LUCKY QUARTER 6471R,3,3,3,3,2,3,2,1,3,4,3,2,,139.4,70.4,9.8,0.1,53.2,87.2,3.5,26.3,52.9,-0.14,0.57,-0.054,
2793030,,Z2015,,,,,3,3,4,3,3,3,3,1,3,3,2,3,bqetit,,,,,,,,,,,,,
2793037,1/2 Simmental,Z211,1600,96,U804,GW BLUE MOON 582W,3,3,4,4,4,4,3,1,4,4,4,3,,138.9,74.2,7.4,0.7,62.5,103,6.4,26.8,58.1,-0.17,0.53,-0.041,
2523602,Purebred,036W,1625,84,312N,GW LUCKY ACE 076TS,4,3,4,3,3,3,3,2,3,2,3,3,,120.1,68,6.4,3.4,64.2,99.9,4,25.2,57.1,-0.49,0.14,-0.105,
2604179,1/2 Simmental,076X,1620,67,336N,RAB-EGL BLUE MOON 4407M,4,3,4,3,4,3,2,2,3,2,2,3,,120.5,71.4,9,1.4,66.2,102.1,4,25.7,58.7,-0.21,0.36,-0.037,
2473317,Purebred,094U,1615,83,500R,GW LUCKY CHARM 665K,4,3,4,4,4,3,2,2,4,2,3,3,,143.6,72.6,11.1,1.9,63,99.3,4.5,28.5,60,-0.49,0.23,-0.14,
2792815,5/8 Simmental,121Z,1470,69,795U,GW PREMIUM CHOICE 532X,4,3,4,3,3,3,3,1,3,4,4,4,,144.8,63.5,19.1,-1.9,47,77.2,7.3,30.6,54.1,-0.24,0.27,-0.053,
2658868,Purebred,241Y,1585,75,571T,MMF BO R1,4,3,4,4,4,3,3,1,4,4,4,4,,132.5,69,5.9,3.4,67,105.2,0.9,21.1,54.5,-0.45,0.14,-0.112,
2658760,5/8 Simmental,321Y,1645,98,807TS,GW LUCKY ACE 076TS,4,3,4,4,3,4,3,1,4,4,4,3,,130.1,68.6,5.8,4.5,69,107,4.5,18,52.5,-0.27,0.37,-0.07,
2707998,Purebred,400A,,,433P,GW RIGHT PATTERN 602Y,4,3,4,4,3,3,4,1,4,4,3,3,,147.3,69.3,9.1,1.5,65,103.5,5.1,20.4,52.9,-0.28,0.12,-0.072,
2708130,5/8 Simmental,417A,1485,40,721R,GW PREMIUM BEEF 021TS,4,2,4,3,3,3,2,2,2,2,3,4,,127.3,67.9,13.4,-1.1,60.4,99.1,6.4,22.9,53.1,-0.17,0.22,-0.048,
2708037,1/2 Simmental,545A,1560,83,612U,GW PREDESTINED 701T,4,3,3,3,3,3,3,1,4,4,4,4,,158.8,82.4,9.9,-0.2,68,111.5,5.4,32.5,66.4,-0.13,0.65,-0.008,
2472921,Purebred,690U,1515,81,316M,GW LUCKY ONE 686K,4,3,3,3,3,3,4,1,3,2,3,3,,157.3,70,13.3,0.6,50.3,79.4,8.1,34.6,59.7,-0.54,0.33,-0.116,
3012771,Purebred,702C,1410,91,649U,XSIM LUCKY CHARM H2050,4,3,4,2,3,3,3,1,3,3,3,3,,137.3,68.6,10.9,1.8,61.9,102.6,5.7,29.2,60.1,-0.39,0.1,-0.087,
2472952,1/2 Simmental,796U,1560,89,366N,LCC NEW DEAL G673L,4,3,3,4,4,3,3,1,3,3,2,2,,134.9,70.1,13,1.6,60.4,99.6,7.9,23.8,54,-0.07,0.46,-0.023,
2523714,Purebred,948W,1760,85,571T,HOOKS PACESETTER 8P,4,4,3,4,3,3,3,1,4,3,3,3,,118.8,61.6,7.1,3.1,65.8,106.1,2.9,27.5,60.3,-0.3,-0.15,-0.078,
2523498,5/8 Simmental,187W,1355,40,927P,GW LUCKY ACE 076TS,2,3,3,4,3,3,3,1,3,3,2,2,,147.2,65.9,15.9,1,52.8,84.3,8.3,23.4,49.8,-0.22,0.41,-0.052,0.24
2604237,5/8 Simmental,218X,1455,51,750R,GW PREDESTINED 701T,2,3,3,3,3,3,3,3,3,2,3,3,,164.8,77.2,10,0.3,58.8,90.8,6.3,22.5,51.8,-0.41,0.69,-0.06,1.03
3151342,5/8 Simmental,607D,1100,55,571B,GW GOLDEN EAGLE 015B,2,3,3,3,2,3,3,2,3,4,4,3,,148.2,73.2,15.5,-0.3,61.8,99.4,7.8,23.8,54.7,-0.17,0.43,-0.035,0.49
2954595,5/8 Simmental,643C,1315,53,640U,GW MARSHALL 756A,2,3,4,3,3,3,3,1,3,3,3,3,,153.2,81.8,13.2,-0.1,73.3,112.2,6.5,20.1,56.7,-0.29,0.52,-0.056,0.64
3093651,1/2 Simmental,843D,1115,43,205X,GW GOLDEN EAGLE 015B,2,2,4,3,3,4,3,1,3,4,4,3,,144.2,71.3,16.3,-1.1,57.3,95.1,7.7,27.3,55.9,-0.17,0.4,-0.034,0.52
3093562,5/8 Simmental,845D,1215,29,766R,HOOK`S XPECTATION 36X,2,3,3,,,3,3,1,3,4,4,3,,133.4,71.1,11.3,-0.7,64.8,100.9,5.5,29.8,62.1,-0.36,0.22,-0.059,0.9
,,928c,1415,62,,,2,3,3,4,4,3,3,1,3,4,4,3,,,,,,,,,,,,,,
2604171,,050x,1770,46,,,3,4,3,,,3,4,1,3,2,2,3,,,,,,,,,,,,,,
2604235,1/2 Simmental,186X,1560,48,062K,RAB-EGL BLUE MOON 4407M,3,3,4,3,3,3,4,1,4,4,4,4,,127.7,72.3,11.4,1.3,60.2,97.5,7.2,26.5,56.6,-0.29,0.5,-0.052,0.49
3088399,5/8 Simmental,206D,1245,49,485B,S D S GRADUATE 006X,3,3,3,4,4,2,3,1,3,4,4,4,,144.2,76.3,12.6,-1.5,68.8,108.8,6.5,25.5,59.8,-0.36,0.3,-0.053,0.92
2604292,,318X,1450,59,,,3,3,4,4,3,3,3,1,4,3,3,4,,,,,,,,,,,,,,
2707918,,382A,1515,58,,,3,3,4,3,3,3,3,1,3,2,2,3,,,,,,,,,,,,,,
2708155,3/4 Simmental,443A,1395,41,891P,GW GAME CHANGER 823Y,3,3,3,3,3,4,3,1,3,3,2,2,,134.1,69.5,9.8,2.4,63.8,98.4,5.8,27.6,59.4,-0.33,0.36,-0.068,0.66
2954439,5/8 Simmental,503C,1185,48,502A,S D S GRADUATE 006X,3,3,4,,,3,4,1,4,3,3,3,,141.1,72.5,15.9,-4.4,58,93.2,7.8,31.6,60.5,-0.29,0.24,-0.051,0.77
2954447,,515c,1295,55,,,3,3,3,3,3,3,3,1,3,3,3,3,,,,,,,,,,,,,,
2832398,Purebred,528B,1285,58,633U,GW GAME CHANGER 823Y,3,4,3,,,3,4,1,3,3,3,4,,151.8,75.1,12.7,1.8,63.8,100.9,4.9,28.4,60.2,-0.33,0.33,-0.088,0.53
2832510,Purebred,564B,1450,59,579R,GW PREDESTINED 770Y,3,3,4,4,4,3,3,1,4,3,2,4,,158.3,76.3,11.8,0,60.5,95,8.7,29.3,59.5,-0.28,0.39,-0.09,0.31
2832408,1/2 Simmental,621B,1270,33,607U,GW STELLAR 429Z,3,3,4,,,4,3,1,3,4,3,3,,160.4,77.7,11.8,-0.1,51.6,80.5,6.5,25.1,50.8,-0.17,0.89,-0.047,0.08
,,645b,,,,,3,3,3,,,3,3,1,3,4,4,2,,,,,,,,,,,,,,
2954578,5/8 Simmental,656C,1275,51,459A,MF DUAL GAMBLER 57X,3,4,3,,,4,4,1,4,3,3,4,,164.3,78.3,17.6,-2.7,58.8,95.8,11.7,24.6,54,-0.26,0.55,-0.042,0.67
3088679,Purebred,703D,1270,33,508A,GW PTO 345B,3,4,3,4,3,4,3,1,5,4,3,3,,152,77.6,10,1.6,68.3,107.4,5.1,22.6,56.7,-0.33,0.35,-0.074,0.64
2954639,5/8 Simmental,713C,1230,29,309Y,GW REDESTINED 642X,3,3,3,3,3,3,3,2,3,4,4,4,,148.1,73.5,11.6,-1,61.8,93.3,6.6,24.2,55,-0.22,0.43,-0.043,0.61
2954640,1/2 Simmental,717C,1395,47,142X,TJ HIGH BET 236X,3,3,3,,,3,3,1,3,3,4,3,,133,71.1,13.4,-1.6,56.9,88.9,5.4,29.9,58.2,-0.32,0.37,-0.058,0.63
3088804,5/8 Simmental,753D,1305,53,A360,GW PREDOMINATE 848A,3,3,3,,,3,3,1,3,3,3,3,,149.8,79.1,12.1,0.7,69.3,104.8,6.8,21.5,56.1,-0.17,0.57,-0.041,0.41
-3088850,Purebred,797D,1090,40,623T,XSIM LUCKY CHARM H2050,3,2,4,4,4,3,2,1,3,3,3,3,,125.3,66.9,9.5,1.6,61.4,97.7,6,21.9,52.5,-0.45,0.07,-0.105,0.74
2658752,5/8 Simmental,921Y,1250,41,795U,GW AMBUSH 028T,3,2,4,3,3,3,2,1,3,3,4,2,,157.3,68.2,18.9,-3,48.9,71.9,8.6,35.4,59.8,-0.12,0.38,-0.022,0.32
2708108,Purebred,421A,1545,44,501R,GW-WBF SUBSTANCE 820Y,4,2,4,4,3,3,2,2,2,4,4,4,hump,150.2,82.5,8.3,3.7,73.9,114.2,5.5,24.4,61.4,-0.44,0.5,-0.102,0.82
3151327,5/8 Simmental,713D,1340,31,347Y,GW COMMOTION 333B,4,3,3,3,3,3,3,1,4,4,4,4,,137.1,74.2,13.2,1.8,75.6,120.7,8.8,22.5,60.3,-0.27,0.23,-0.064,0.62
2604244,3/4 Simmental,217X,1380,open,517R,GW PREDESTINED 701T,2,3,3,3,3,4,2,2,2,2,2,3,,174.9,81.7,12.3,-1.2,56.4,91.4,7.2,33.7,61.9,-0.34,0.8,-0.065,0.49
2832516,5/8 Simmental,0441B,1405,open,739R,JC MR OLLIE 148Y,3,3,4,3,3,4,3,2,3,4,3,3,,148,70.8,13,0.1,55.2,88.7,8.5,28,55.4,-0.34,0.45,-0.086,0.69
2604173,5/8 Simmental,068X,1505,open,768R,GW LUCKY POINT 273U,3,3,4,3,3,3,3,2,2,4,3,4,,136,66.5,19,-1.7,51.6,81.8,11.8,24.7,50.5,-0.33,0.3,-0.072,0.77
2658824,1/2 Simmental,132Y,1535,open,655U,GW PREMIUM BEEF 021TS,3,3,3,3,3,3,3,1,3,2,2,3,,136.7,73.8,14.9,-0.9,65.4,108.1,6.3,29.7,62.3,-0.27,0.29,-0.03,0.72
2833346,5/8 Simmental,536B,1380,open,317Y,GW ROOKIE 171Y,3,2,3,4,3,3,2,1,2,2,2,2,,153.1,76.5,16.4,-0.5,63.7,105.8,9.5,29.5,61.3,-0.15,0.47,-0.037,0.37
3088799,1/2 Simmental,794D,1100,open,121X,TJ MARLBORO MAN 360A,3,2,4,3,3,3,3,1,3,3,3,3,,148.3,75.3,14.5,-0.5,61.5,97.6,9.9,28.6,59.3,-0.18,0.5,-0.019,0.51
2271706,,936p,1490,open,,,3,3,3,3,3,3,3,1,3,4,3,3,,,,,,,,,,,,,,
3088506,3/4 Simmental,115D,1265,open,X001,GW BAR CK BREAKOUT 667Z,4,3,3,2,3,3,2,1,3,4,4,4,,156.5,81.8,11.5,1.2,73.4,118.9,6.6,22.7,59.3,-0.36,0.55,-0.073,0.74
2954563,Purebred,619C,1640,open,433P,GW-WBF SUBSTANCE 820Y,4,4,4,3,2,3,4,1,3,3,2,3,,157.6,84.1,12.6,2.6,75.9,119.5,6.9,21.2,59.1,-0.37,0.46,-0.109,0.56
2472935,5/8 Simmental,743U,1640,open,927P,GW LUCKY ACE 076TS,4,2,3,4,3,4,2,1,2,2,2,1,,128.5,69.5,7.6,4,68.4,108.9,2,15.8,49.9,-0.24,0.39,-0.055,0.66
2473419,1/2 Simmental,737U,1435,open,426N,G A R PREDESTINED,3,3,3,3,3,3,2,1,3,3,3,2,,182,89.1,16.3,0.2,61.6,99.5,9.7,31,61.7,-0.04,1.08,-0.004,0.42
