Breeds,ASA #,BirthDate,Tattoo,Sire,DAM,ABW,Grade,Stature,Capacity,Length,Front Feet,Rear Feet,Hind Angle,Muscle,Do Ability,Docility,ADJ BW,BW Ratio,WW,205 ADJ,WW RATIO,YW,365 ADJ,YW RATIO,,Bred,UltraWeight,DayBread,API,TI,CE EPD,BW EPD,WW EPD,YW EPD,ADG EPD,MCE EPD,MILK EPD,MWW EPD,STAY EPD,DOC EPD,CW EPD,YG EPD,MARB EPD,BF EPD,REA EPD,DAM #,DAM BD
5/8 SM 5/16 AN 1/16 DS,(3242726),4/1/2017,046E,GW COUNTRY BOY 142B,606A,73,4,2,3,3,3,3,3,3,3,1,74,103,437,572,91,670,745,96,mo,18-May,985,84,134.3,71.6,14.4,-1.2,61.2,99.7,0.24,8,24.4,54.9,15.9,14,35.3,-0.36,0.3,-0.077,0.87,2710160,3/19/2013
PB SM,(3243035),2/20/2017,814E,CCR COWBOY CUT 5048Z,633U,102,3,4,3,4,4,4,3,3,3,1,101,68,711,778,124,900,921,118,MM,8-May,1265,97,152.7,85.6,8.9,4.1,85.6,121.6,0.23,3.6,24.6,67.3,21,14.4,33.9,-0.24,0.42,-0.06,0.61,2472903,2/18/2008
1/2 SM 1/2 AN,(3242482),3/25/2017,185E,GW CARRY ON Z0219,578U,77,3,2,3,3,3,3,3,2,2,1,76,101,510,627,100,635,720,93,jackpot,6-May,870,78,138.3,71.9,13.1,-0.7,59,94,0.22,7.8,22.8,52.3,16.4,14.8,31.6,-0.19,0.44,-0.038,0.58,2473513,2/12/2008
1/2 SM 1/2 AR,(3242890),3/13/2017,006E,5L ADVANTAGE 560-108B,690U,67,3,3,3,3,2,3,3,2,2,1,65,115,497,590,94,675,717,92,quant,9-May,950,91,158,74.8,16.7,-2.4,53.1,81.4,0.18,9.8,24,50.5,19.6,10.2,19.6,-0.24,0.59,-0.046,0.52,2472921,2/21/2008
1/2 SM 1/2 AR,(3242878),3/17/2017,029E,5L ADVANTAGE 560-108B,392Z,70,3,2,2,3,3,3,3,2,3,1,69,110,493,590,94,670,716,92,mo,12-May,860,86,152.6,76.8,15.3,-2,58.5,87.7,0.18,9,23.2,52.4,17.6,9.3,24.9,-0.22,0.58,-0.046,0.52,2792952,2/26/2012
1/2 SM 1/2 AR,(3242893),3/19/2017,034E,5L ADVANTAGE 560-108B,734U,78,3,3,2,3,3,3,3,2,3,1,76,101,491,597,95,720,763,98,bthru,7-May,960,93,149.5,76.3,13.7,-0.6,61.8,96.4,0.22,8.6,23.6,54.5,18.3,12.5,24.5,-0.21,0.55,-0.043,0.52,2594285,2/27/2008
1/2 SM 1/2 AR,(3242874),3/22/2017,038E,5L ADVANTAGE 560-108B,241Y,75,2,2,2,3,3,3,3,2,2,1,73,104,478,581,92,730,765,98,bthru,11-May,880,85,144.1,73.6,12.4,-0.7,59.7,94.9,0.22,5.8,22.9,52.7,18.1,9.9,33.3,-0.19,0.5,-0.044,0.57,2658868,2/24/2011
1/2 SM 1/2 AR,(3242868),3/27/2017,043E,5L ADVANTAGE 560-108B,092W,73,4,2,3,3,3,3,3,3,3,1,71,107,525,671,107,670,775,100,bthru,7-May,870,96,156,77.7,19.1,-2.8,56.8,88.1,0.2,9.9,25.3,53.6,16,12.1,24.7,-0.2,0.59,-0.042,0.49,2523621,2/24/2009
1/2 SM 1/2 AR,(3242879),2/20/2017,426E,5L ADVANTAGE 560-108B,421A,89,4,3,3,3,3,3,3,3,4,1,89,84,634,686,109,850,836,110,mm,5-May,1070,56,141.5,79.9,11.4,1.4,72.2,111.3,0.24,6.7,22.2,58.3,16.3,12.3,24.5,-0.19,0.68,-0.039,0.49,2708108,2/20/2013
1/2 SM 1/2 AR,(3242888),2/23/2017,861E,5L ADVANTAGE 560-108B,614B,80,4,3,3,3,3,3,3,3,4,1,82,92,562,631,99,790,789,104,mm,7-May,1080,95,138.9,76,14,-0.3,66.6,104.3,0.24,7.8,21,54.3,16,13.3,27,-0.18,0.56,-0.037,0.51,2832509,2/27/2014
1/2 SM 1/2 AR,(3242872),2/28/2017,928E,5L ADVANTAGE 560-108B,214X,78,4,2,3,3,3,3,3,3,3,1,76,101,595,663,105,770,789,101,bthru,8-May,935,90,144.8,76.8,15.1,-1,62.6,95.4,0.21,7.6,21.8,53,15.2,10.5,23.6,-0.24,0.53,-0.05,0.56,2604251,2/28/2010
1/2 SM 1/2 AR,(3242884),3/6/2017,975E,5L ADVANTAGE 560-108B,501A,69,3,3,3,3,3,3,3,2,3,1,69,110,558,644,102,755,784,101,mm,12-May,1000,85,149.2,77.5,16.6,-2.2,63.5,97.9,0.21,9,22.5,54.2,17.7,9.1,25,-0.19,0.59,-0.047,0.43,2708049,2/26/2013
1/2 SM 1/2 AR,(3242892),3/7/2017,986E,5L ADVANTAGE 560-108B,728TS,75,2,2,2,3,3,3,3,2,2,1,73,104,538,624,99,705,744,96,mm,9-May,920,94,154.3,76.8,15.5,-1,58.2,87.5,0.18,8.9,24.4,53.4,17.9,9.7,19,-0.21,0.63,-0.05,0.39,2378882,3/23/2006
1/2 SM 1/2 AR,(3242881),3/8/2017,989E,5L ADVANTAGE 560-108B,445Z,77,2,3,2,3,3,3,3,2,2,1,76,101,589,686,109,710,769,99,bthru,11-May,970,60,141.7,73.5,13.6,-0.8,61.1,91.8,0.19,6.7,21.8,52.3,17.3,8.7,27.6,-0.26,0.45,-0.055,0.61,2792984,3/7/2012
1/2 SM 1/2 AN,(3242968),2/12/2017,739E,A A R TEN X 7008 S A,634C,75,3,3,3,3,3,3,3,3,3,2,80,96,618,697,112,900,893,118,sparky,9-May,1085,91,165.5,90.2,13.6,-0.7,77.4,129.6,0.33,8.3,24.7,63.4,18.1,12.4,37.3,-0.15,0.7,-0.026,0.64,2954583,2/22/2015
PB SM,(3289477),2/23/2017,469E,CCR COWBOY CUT 5048Z,205Z,90,2,3,2,3,3,3,3,2,2,2,90,86,595,650,105,795,796,106,gauge,13-May,940,90,153.1,85.3,11.2,2.4,78.1,114.7,0.23,5.3,26.2,65.2,18,14.6,33.1,-0.35,0.46,-0.076,0.8,2792827,2/8/2012
PB SM,(3243031),2/15/2017,764E,CCR COWBOY CUT 5048Z,180X,68,3,2,3,3,3,3,2,3,3,1,67,112,609,643,102,830,807,106,sparky,6-May,1075,95,167.4,89.7,14.1,-0.2,76.7,110.5,0.21,8,28.6,66.9,19.5,15.2,37,-0.29,0.53,-0.068,0.75,2604230,2/25/2010
PB SM,(3243027),2/16/2017,780E,CCR COWBOY CUT 5048Z,001W,66,4,3,3,3,3,3,3,3,3,1,65,115,564,601,95,750,742,95,sparky,17-May,925,88,163,84.1,17.1,-1.7,68,97.6,0.18,9.4,31.3,65.3,19.1,15.6,30,-0.39,0.4,-0.081,0.85,2523582,2/15/2009
PB SM,(3243034),2/18/2017,793E,CCR COWBOY CUT 5048Z,632T,78,4,3,3,3,3,3,3,3,3,1,78,98,604,657,104,820,817,107,sparky,8-May,1050,91,155.1,81.4,15.1,0.8,73.9,106.5,0.2,7.8,30.7,67.6,20.4,11.5,38.3,-0.25,0.31,-0.068,0.62,2424278,2/16/2007
PB SM,(3243041),2/22/2017,847E,CCR COWBOY CUT 5048Z,984W,74,3,2,3,4,4,4,3,3,4,1,73,104,529,575,91,720,717,94,sparky,6-May,935,92,148.7,78.6,16,-1,63.6,90.4,0.17,6.7,30.2,62,16.1,15.8,29.9,-0.4,0.33,-0.077,0.9,2523734,2/14/2009
PB SM,(3243032),2/23/2017,860E,CCR COWBOY CUT 5048Z,344Z,75,3,2,3,3,3,3,3,3,3,1,75,102,550,613,97,785,787,103,broken,7-May,945,72,150.2,81.3,13.8,1.3,72.4,105.2,0.2,7.8,25.9,62,17.8,13.5,26.9,-0.46,0.35,-0.111,0.79,2792922,2/22/2012
PB SM,(3243033),3/2/2017,947E,CCR COWBOY CUT 5048Z,371Z,80,3,4,3,3,3,3,3,3,3,1,80,95,609,696,111,850,873,114,sparky,19-May,1080,89,156.7,84.9,14.5,0.9,77.6,113.1,0.22,8.3,26.3,65,19.1,14.9,28.5,-0.37,0.36,-0.078,0.78,2792939,2/24/2012
1/2 SM 1/2 AN,(3243079),2/15/2017,116E,CCR SPARTAN 9124A,048X,74,2,3,3,3,2,3,2,3,3,1,73,104,607,635,101,745,737,95,jackpot,7-May,1020,92,142.3,74.8,13,-0.5,64,94,0.19,9.3,18.8,50.7,17.3,11.1,25.3,-0.17,0.48,-0.033,0.5,2604161,2/11/2010
5/8 SM 3/8 AN,(3243095),2/3/2017,703E,CCR SPARTAN 9124A,420C,67,3,3,3,3,3,3,3,3,2,1,72,106,548,596,95,720,711,94,due n,6-May,955,96,154.5,77.8,16,-1.6,62.6,93.6,0.19,9.5,21.1,52.3,18.4,15.2,25.6,-0.14,0.56,-0.02,0.49,2954511,2/17/2015
1/2 SM 1/2 AN,(3243080),2/14/2017,760E,CCR SPARTAN 9124A,101X,87,3,4,3,3,3,3,3,3,3,1,86,87,678,710,113,910,880,115,sparky,9-May,1225,91,139.5,76.6,10.3,1.6,75.1,113.8,0.24,7.4,17.8,55.3,19.2,11.8,30.9,-0.17,0.4,-0.038,0.53,2604188,2/17/2010
1/2 SM 1/2 AN,(3243086),2/18/2017,795E,CCR SPARTAN 9124A,205X,81,3,4,3,3,4,4,4,3,3,1,80,95,638,678,108,800,795,104,sparky,8-May,1130,95,146.3,80.3,12.8,0.3,71.2,106.4,0.22,7.9,21.2,56.7,16.3,14.9,32.3,-0.09,0.57,-0.015,0.45,2604253,2/28/2010
1/2 SM 1/2 AN,(3243077),2/23/2017,877E,CCR SPARTAN 9124A,031X,72,3,3,3,3,3,3,3,3,2,1,71,107,617,661,105,755,760,100,due n,19-May,970,85,149,78.4,16,-0.6,66.7,100.2,0.21,10.7,24.2,57.5,16.8,12.6,31,-0.13,0.52,-0.021,0.51,2604157,2/9/2010
1/2 SM 1/2 AN,(3243189),2/8/2017,717E,CONNEALY BALANCE,648C,80,5,2,4,3,4,4,4,3,4,1,85,89,572,634,102,785,779,103,mo,8-May,1040,96,132.8,73.8,14,0.2,66,101.5,0.22,6.8,20.8,53.8,15,13.3,27,-0.22,0.51,-0.031,0.66,2954601,2/23/2015
1/2 SM 1/2 AN,(3242453),2/23/2017,0150E,GW BAR CK BREAKOUT 667Z,332X,70,3,3,3,3,3,3,3,3,3,1,69,110,527,565,90,730,713,93,mm,3-May,1025,91,140.8,74.6,11.5,-0.6,61.4,99.9,0.24,7.2,22.9,53.6,17.4,9.3,35.7,-0.13,0.62,-0.031,0.51,3301856,2/5/2010
5/8 SM 3/8 AN,(3243009),2/15/2017,118E,GW BAR CK BREAKOUT 667Z,064X,75,4,3,3,3,4,4,3,3,3,1,74,103,0,,90,90,,,mm,15-May,1070,87,150,78.1,11.6,0.4,64.9,105.5,0.25,6.9,23.6,56,18.6,14,28,-0.22,0.59,-0.055,0.5,2714718,2/13/2010
5/8 SM 3/8 AN,(3243015),2/14/2017,349E,GW BAR CK BREAKOUT 667Z,191Y,87,4,4,3,3,3,3,3,3,3,1,86,87,613,639,102,800,774,101,mm,12-May,1105,86,139.8,77.5,7.7,2.4,73,115.5,0.27,5.5,25.1,61.6,19.2,10,31,-0.29,0.48,-0.062,0.71,2658882,2/17/2011
5/8 SM 3/8 AN,(3242459),3/9/2017,607E,GW BAR CK BREAKOUT 667Z,536U,80,4,3,4,3,3,3,3,3,3,1,79,97,560,648,103,745,787,101,mm,16-May,1060,86,141,76.9,10.6,1.3,68,109.8,0.26,6.6,23.1,57,17.1,9.5,40.1,-0.32,0.5,-0.071,0.83,2472862,2/7/2008
5/8 SM 3/8 AN,(3243019),2/23/2017,867E,GW BAR CK BREAKOUT 667Z,723R,78,3,3,3,4,3,3,3,2,3,1,77,99,572,614,98,775,763,100,mm,9-May,1005,70,141.1,75,9,1.3,66.1,106.2,0.25,6.4,27.2,60.2,19.4,11.8,32.2,-0.21,0.48,-0.053,0.54,2325555,2/8/2005
5/8 SM 3/8 AN,(3243005),3/2/2017,940E,GW BAR CK BREAKOUT 667Z,025X,76,4,3,3,3,3,3,3,3,3,1,75,102,548,599,95,780,773,99,mm,7-May,970,71,147.1,79,12,-0.3,64.9,107.5,0.27,7.5,25.2,57.6,16.3,12.8,23.1,-0.2,0.58,-0.04,0.51,2604159,2/9/2010
5/8 SM 3/8 AN,(3242800),3/11/2017,003E,GW BREAKTHRU 045C,210X,0,3,3,2,3,3,3,3,2,3,1,,,570,668,106,720,779,100,mm,11-May,955,67,155.1,78.3,14.7,-1.9,61.5,96,0.22,7.6,26.8,57.5,19.4,15.3,23.4,-0.25,0.54,-0.045,0.62,2604246,2/28/2010
5/8 SM 3/8 AN,(3242833),2/19/2017,214E,GW BREAKTHRU 045C,U801,72,4,3,4,3,3,3,3,3,3,1,71,107,619,654,104,765,763,98,mm,11-May,975,92,161,81.5,16.1,-1.6,59.1,91.3,0.2,9.9,23.3,52.8,16.4,13.6,16.7,-0.26,0.75,-0.047,0.53,2473454,2/7/2008
5/8 SM 3/8 AN,(3242832),2/13/2017,753E,GW BREAKTHRU 045C,936TS,72,4,3,3,3,3,3,3,2,3,1,71,107,545,559,89,725,694,89,mm,10-May,960,95,156.4,78.2,14.7,-1.9,56.1,93.3,0.23,8.1,29.2,57.2,17.6,10.2,30.4,-0.27,0.65,-0.06,0.65,2379021,2/23/2006
5/8 SM 3/8 AN,(3243216),2/14/2017,757E,GW BREAKTHRU 045C,527W,85,5,2,4,3,3,3,3,3,3,1,84,90,633,662,105,805,787,103,mm,8-May,1210,94,146.8,74.2,12.1,0.6,64.8,100.8,0.23,5.9,21.1,53.5,20.8,13.9,24.4,-0.27,0.45,-0.054,0.61,2523683,2/17/2009
5/8 SM 3/8 AN,(3243203),2/20/2017,811E,GW BREAKTHRU 045C,201Z,61,3,2,3,3,3,3,3,2,3,1,60,121,574,618,98,705,710,93,quant,13-May,890,83,159.3,78.8,17.1,-3.8,55.5,88,0.2,9.3,28.7,56.4,17.6,15.2,20.4,-0.17,0.61,-0.031,0.43,2792825,2/3/2012
5/8 SM 3/8 AN,(3243218),2/21/2017,832E,GW BREAKTHRU 045C,541T,78,3,3,3,3,3,3,3,2,2,1,77,99,542,574,91,800,769,99,mm,11-May,1055,88,155.8,79.9,13.7,-0.6,61.6,99.9,0.24,9,23.9,54.6,17.2,12.8,28.2,-0.17,0.7,-0.036,0.5,2424195,2/8/2007
1/2 SM 1/2 AN,(3242469),3/11/2017,001E,GW CARRY ON Z0219,278Y,72,4,3,3,3,3,3,3,3,3,1,71,107,523,605,96,705,740,95,dd,8-May,970,93,157.8,80.9,14.9,-1.7,66.6,107,0.25,8.5,21.6,54.8,19.1,16,33.8,-0.17,0.56,-0.034,0.58,2658795,3/1/2011
5/8 SM 3/8 AN,(3242462),3/14/2017,017E,GW CARRY ON Z0219,119Y,72,4,2,3,3,3,3,3,3,4,1,71,107,511,594,94,690,722,95,dd,9-May,1010,91,152.3,75.7,18,-2.9,59.9,95.1,0.22,9.5,24.7,54.6,18.3,15.7,31.2,-0.18,0.43,-0.036,0.57,2658779,2/9/2011
1/2 SM 7/16 AN 1/16 MX,(3242490),2/16/2017,209E,GW CARRY ON Z0219,U805,75,3,3,2,4,3,3,3,3,3,1,74,103,568,591,94,780,749,96,mm,5-May,985,95,141.2,75.8,13.3,-1.1,63.5,103.3,0.25,6.5,22.2,53.9,15.6,14.3,32.3,-0.18,0.47,-0.051,0.47,2472993,2/10/2008
1/2 SM 1/4 AN 1/4 AR,(3242488),2/24/2017,475E,GW CARRY ON Z0219,915W,83,4,3,3,4,3,3,3,3,3,1,81,94,560,600,95,810,782,102,mm,11-May,1035,90,124.1,70.9,10.3,0.6,69.6,113.4,0.27,7.1,21.4,56.2,15.9,18.3,38.3,-0.2,0.22,-0.043,0.67,2523697,2/5/2009
1/2 SM 1/2 AN,(3242477),2/18/2017,788E,GW CARRY ON Z0219,545A,70,4,3,3,3,3,3,3,3,3,1,70,108,578,627,100,730,733,96,dd,7-May,935,81,150,79.1,13.9,-1.9,64.9,104.7,0.25,7.7,26.4,58.8,17.6,15.3,31.5,-0.18,0.51,-0.029,0.62,2708037,3/1/2013
5/8 SM 5/16 AN 1/16 AR,(3289464),2/26/2017,901E,GW CARRY ON Z0219,633A,71,5,3,4,3,4,4,3,4,4,1,72,109,527,587,95,710,716,95,dd,9-May,985,76,,,,,,,,,,,,,,,,,,2710294,4/4/2013
1/2 SM 1/4 AN 1/4 AR,(3242463),3/1/2017,937E,GW CARRY ON Z0219,157X,72,2,3,2,3,3,3,2,2,2,1,70,108,583,643,102,740,757,97,due n,7-May,945,90,132.4,70.2,15,-2.2,62,97.8,0.22,8,24.8,55.7,16.7,16,31.2,-0.23,0.2,-0.044,0.68,2604224,2/22/2010
5/8 SM 3/8 AN,(3242743),3/14/2017,009E,GW COMMANDER 324B,597U,84,4,2,4,3,3,3,4,3,4,1,83,91,0,,,710,,,bthru,6-May,940,88,145.2,72.2,14,0.2,60.2,93.8,0.21,7.4,22.4,52.5,19.4,7.9,21.1,-0.26,0.46,-0.056,0.53,2472891,2/13/2008
5/8 SM 3/8 AN,(3242706),3/16/2017,024E,GW COUNTRY BOY 142B,260Y,74,4,2,3,3,3,3,3,3,3,1,73,104,0,,,655,,,mo,18-May,915,90,148.1,75.2,14.4,-1.8,62.4,100.2,0.24,6.5,24.5,55.6,19.6,14.3,29.5,-0.36,0.39,-0.074,0.81,2658794,2/26/2011
5/8 SM 3/8 AN,(3242723),2/16/2017,781E,GW COUNTRY BOY 142B,560A,74,4,3,3,4,3,3,3,3,3,1,75,102,618,668,106,780,782,102,mo,18-May,1045,82,140.4,75.4,14,-0.7,67.2,106.6,0.25,7.8,23.2,56.8,17.6,11.3,27.6,-0.39,0.33,-0.08,0.83,2708347,3/3/2013
3/4 SM 1/4 AN,(3242712),2/18/2017,798E,GW COUNTRY BOY 142B,432A,73,2,3,2,3,3,3,3,2,2,1,74,103,496,543,86,730,716,92,mo,4-May,910,100,140.5,68.3,15.8,-1,58.6,95.5,0.23,8.7,23.1,52.4,20.3,12.8,21.3,-0.29,0.25,-0.076,0.48,2707997,2/21/2013
5/8 SM 3/8 AN,(3242719),2/23/2017,873E,GW COUNTRY BOY 142B,493B,78,3,3,2,3,3,3,3,2,2,1,81,93,608,691,109,730,773,102,mo,6-May,920,98,135,74.2,11.2,0,68,104.5,0.23,3.1,25.8,59.7,18.1,13.5,29.7,-0.41,0.31,-0.074,0.96,2832339,2/16/2014
3/4 SM 3/16 AN 1/32 DS 1/32 TA,(3242731),2/25/2017,888E,GW COUNTRY BOY 142B,656TS,71,3,2,3,3,3,3,3,2,3,1,70,108,538,607,96,725,745,98,jackpot,8-May,925,94,139.3,70.7,14.8,-1.7,61.8,99.4,0.24,7.1,22.1,52.9,19.5,13.4,28.8,-0.4,0.23,-0.107,0.67,2378854,3/10/2006
5/8 SM 3/8 AN,(3242735),2/26/2017,904E,GW COUNTRY BOY 142B,699B,82,4,3,3,3,3,3,3,3,3,1,85,88,567,655,103,800,820,108,jackpot,9-May,1040,92,141.6,76.3,12.7,0.1,67.9,111.5,0.27,6.3,23.6,57.5,17.7,14.2,30.2,-0.39,0.39,-0.088,0.78,2863179,3/28/2014
5/8 SM 3/8 AN,(3242734),2/26/2017,910E,GW COUNTRY BOY 142B,690B,75,3,2,3,3,3,3,3,2,3,1,78,97,544,628,99,765,784,103,mo,7-May,985,91,145.2,75.3,13.7,-0.9,65.4,105.5,0.25,7.3,23.2,55.9,19.4,15.6,26.1,-0.38,0.36,-0.08,0.79,2834587,3/22/2014
5/8 SM 3/8 AN,(3242727),2/27/2017,922E,GW COUNTRY BOY 142B,607A,72,3,3,3,4,3,3,3,4,3,1,73,104,531,601,95,740,751,98,mo,8-May,1020,91,148,75.3,16.2,-2.3,62.5,101.3,0.24,8.2,23.7,54.9,18.7,14,26.8,-0.37,0.35,-0.082,0.74,2710180,3/19/2013
1/2 SM 1/2 AN,(3242570),3/14/2017,012E,GW GOLDEN EAGLE 015B,125W,74,3,3,3,3,3,3,3,2,3,1,73,104,497,571,91,735,750,96,mm,7-May,940,89,152.5,72.3,16.3,-0.3,57.1,92.1,0.22,8.6,24.7,53.2,20.5,11.1,24.1,-0.17,0.5,-0.03,0.5,2523475,2/27/2009
5/8 SM 3/8 AN,(3242575),3/2/2017,164E,GW GOLDEN EAGLE 015B,338X,72,4,3,3,3,3,3,3,3,3,1,71,107,541,600,95,760,764,98,mm,11-May,990,89,145.6,71.5,16,-1.4,59,98.5,0.25,7.8,24.3,53.7,19.4,12.6,19.1,-0.21,0.36,-0.042,0.45,2613904,2/6/2010
5/8 SM 3/8 AN,(3242583),2/24/2017,471E,GW GOLDEN EAGLE 015B,409A,77,3,2,3,3,3,3,3,2,3,1,78,98,592,659,105,670,710,93,mm,6-May,945,90,145.6,72.9,15.7,-0.3,65.5,106.1,0.25,8.3,24.6,57.3,20.7,12.5,16.5,-0.22,0.31,-0.05,0.41,2708030,2/19/2013
5/8 SM 3/8 AN,(3242588),2/22/2017,853E,GW GOLDEN EAGLE 015B,470Z,80,5,3,3,3,4,4,3,3,3,1,80,95,692,760,121,885,900,118,mm,6-May,1175,93,143,74.6,14.1,0.6,71.5,115.1,0.27,6.6,24.3,60,20.8,11.7,29.2,-0.21,0.28,-0.056,0.48,2792995,3/15/2012
1/2 SM 3/8 AN 1/8 AR,(3242597),2/23/2017,857E,GW GOLDEN EAGLE 015B,552B,75,4,3,3,3,3,4,3,3,3,1,77,98,586,656,103,790,797,105,mm,10-May,1020,91,139.2,73.4,15,-0.2,67.8,110.6,0.27,7.1,25.4,59.2,18.3,14.4,39,-0.2,0.28,-0.041,0.67,2832361,2/22/2014
5/8 SM 3/8 AN,(3242582),2/28/2017,925E,GW GOLDEN EAGLE 015B,408A,72,4,3,3,3,3,3,3,3,3,1,73,104,556,629,100,785,793,104,mm,7-May,1005,92,149.9,73.8,16.4,-0.6,63,101.4,0.24,7.9,23.5,54.9,20.5,12.4,21.8,-0.24,0.39,-0.048,0.54,2707963,2/19/2013
5/8 SM 3/8 AN,(3242586),3/6/2017,980E,GW GOLDEN EAGLE 015B,449A,75,3,3,3,3,3,3,3,2,3,1,76,101,560,652,104,680,736,95,mm,10-May,915,92,144.2,69,16.3,-1.2,59.1,95.6,0.23,8.3,27.2,56.7,21.7,10.6,20.3,-0.2,0.26,-0.043,0.44,2707871,2/22/2013
5/8 SM 3/8 AN,(3242776),2/13/2017,115E,GW JACKPOT 027C,237A,62,4,2,3,3,3,3,3,3,3,2,63,118,540,573,91,770,742,95,sparky,7-May,970,97,164.8,76.4,22.2,-4.4,54.5,90,0.22,13.4,25.6,52.8,19.6,14.3,30,-0.24,0.49,-0.042,0.7,2707823,2/24/2013
5/8 SM 3/8 AN,(3242793),2/12/2017,738E,GW JACKPOT 027C,657B,73,4,3,3,3,3,3,3,3,4,1,75,101,569,617,97,760,753,96,bthru,10-May,980,71,154.4,79.1,13.2,-0.9,64,103,0.24,8.4,23.2,55.1,19,15.9,29.4,-0.22,0.59,-0.031,0.71,2833348,3/12/2014
5/8 SM 3/8 AN,(3242779),2/12/2017,741E,GW JACKPOT 027C,464B,69,3,3,2,3,3,3,3,2,3,1,71,106,599,652,103,740,747,98,sparky,7-May,965,99,150.5,75.7,16.9,-2.4,60.7,95.3,0.22,10.5,27.5,57.8,18.8,14.6,28.3,-0.31,0.41,-0.048,0.83,2832066,2/14/2014
1/2 SM 3/8 AN 1/8 AR,(3242774),3/5/2017,967E,GW JACKPOT 027C,117Y,68,4,2,3,3,3,2,3,3,4,1,67,112,575,642,102,760,774,101,quant,10-May,950,63,166.1,79.6,19.3,-4,60.6,97.6,0.23,11.4,25.4,55.6,20.8,15.6,23.6,-0.15,0.52,-0.016,0.53,2658778,2/8/2011
5/8 SM 3/8 AN,(3242796),3/8/2017,990E,GW JACKPOT 027C,908Y,76,4,3,3,3,3,3,3,3,3,1,75,102,595,686,109,800,840,108,sparky,8-May,965,95,154.1,77.9,18.1,-1.9,64.4,103.3,0.24,10.7,22.8,54.9,18.3,14.8,26.7,-0.24,0.46,-0.039,0.66,2658850,2/10/2011
5/8 SM 3/8 AN,(3242532),2/8/2017,103E,GW MARSHALL 756A,277X,72,3,3,3,3,4,4,3,3,3,1,71,107,617,628,100,815,776,100,mm,5-May,1000,92,161,81.3,14.4,-2.6,61.1,92.5,0.2,8.2,24.6,55.1,18.9,14.6,18.4,-0.22,0.67,-0.031,0.57,2604141,3/11/2010
5/8 SM 1/4 AN 1/8 AR,(3242843),3/14/2017,010E,GW MOVIN ON 183C,380A,87,2,3,3,4,2,2,3,3,3,1,87,86,645,785,125,785,882,116,227d,7-May,1250,89,151.1,82.3,11.8,0.6,79.7,119.3,0.25,6.8,22.6,62.4,21.5,10.1,34.4,-0.33,0.41,-0.061,0.87,2708233,2/17/2013
5/8 SM 1/4 AN 1/8 AR,(3242856),3/14/2017,016E,GW MOVIN ON 183C,588A,71,4,3,3,3,3,3,3,3,3,1,71,107,519,621,99,690,743,96,imperial,10-May,940,91,145.1,75.5,14.8,-1.8,66.3,101.8,0.22,8.3,20.8,53.9,19.2,15.2,26.9,-0.33,0.33,-0.066,0.74,2710228,3/13/2013
5/8 SM 1/4 AN 1/8 AR,(3242846),2/18/2017,391E,GW MOVIN ON 183C,504B,70,4,3,3,3,4,3,3,3,3,2,72,105,556,615,97,785,780,100,imperial,8-May,1010,83,149.1,76.3,14,-2,65,102.2,0.23,7.1,22.6,55.1,20.2,15.6,23.9,-0.32,0.38,-0.062,0.72,2832253,2/18/2014
1/2 SM 5/16 AN 3/16 AR,(3242845),2/11/2017,735E,GW MOVIN ON 183C,474A,76,5,3,3,3,3,3,3,3,3,1,76,101,630,657,104,870,828,108,quant,10-May,1040,92,150,80.2,15.3,-1.4,71.2,113.4,0.26,7.4,24.4,60,18.2,17.9,28.3,-0.18,0.42,-0.034,0.53,2708401,2/20/2013
5/8 SM 1/4 AN 1/8 AR,(3242850),2/13/2017,754E,GW MOVIN ON 183C,541A,71,3,3,2,4,3,3,3,3,2,1,72,106,558,591,94,770,741,97,imperial,9-May,995,75,139.9,75,11.7,-1.1,68.6,108.9,0.25,6.4,21.1,55.3,19.1,18,38.2,-0.28,0.31,-0.059,0.78,2708156,3/1/2013
1/2 SM 13/32 AN 3/32 AR,(3242857),2/18/2017,790E,GW MOVIN ON 183C,598B,75,4,3,4,4,4,3,3,4,4,1,77,98,583,645,102,865,845,111,enforcer,6-May,1095,62,152.4,82.8,14.3,-1.2,71.7,119.3,0.3,7.9,23.6,59.4,17,17.2,29.2,-0.21,0.51,-0.034,0.64,2832359,2/26/2014
5/8 SM 1/4 AN 1/8 AR,(3242841),2/22/2017,851E,GW MOVIN ON 183C,336A,67,3,3,3,3,3,3,3,2,3,1,67,112,558,613,97,745,745,98,imperial,6-May,920,95,157.3,78.7,17.8,-3.1,67,103.9,0.23,9.3,24,57.4,21.2,10,32.5,-0.33,0.36,-0.053,0.92,2708193,2/12/2013
5/8 SM 1/4 AN 1/8 AR,(3242864),3/2/2017,944E,GW MOVIN ON 183C,970A,72,2,3,2,3,3,3,3,2,2,1,72,106,564,639,102,745,766,100,enforcer,7-May,975,89,155.8,79.6,15.9,-2.4,65.9,102.1,0.23,7.7,22.1,55,19.6,14.3,24.2,-0.35,0.46,-0.073,0.72,2707884,3/6/2013
1/2 SM 3/8 AN 1/8 AR,(3242842),3/3/2017,958E,GW MOVIN ON 183C,347Y,76,3,3,3,4,4,3,3,2,3,1,75,102,637,712,113,750,794,102,imperial,7-May,975,93,150,75.4,16.1,-1.4,66.4,101.7,0.22,8.7,23.1,56.2,20.8,13.8,22.6,-0.21,0.35,-0.045,0.49,2658905,3/12/2011
1/2 SM 7/16 AN 1/16 AR,(3242851),3/5/2017,970E,GW MOVIN ON 183C,549B,75,3,3,3,3,3,3,3,3,3,1,77,98,521,603,95,735,756,97,due n,7-May,980,97,141.2,76.9,13.3,-1,65.9,106,0.25,6.9,22.7,55.6,15.5,15.3,23.3,-0.18,0.46,-0.034,0.47,2832165,2/21/2014
5/8 SM 5/16 AN 1/16 AR,(3242847),3/6/2017,977E,GW MOVIN ON 183C,507A,68,3,2,4,3,4,4,,2,3,1,68,111,577,673,107,760,802,105,imperial,6-May,1045,93,158.1,81.6,16.1,-2.5,67.5,106.8,0.25,8.8,22.5,56.2,19,14.7,29.5,-0.3,0.5,-0.059,0.74,2708278,2/27/2013
5/8 SM 3/8 AN,(3242498),3/13/2017,178E,GW PREDOMINATE 848A,200A,0,4,3,3,3,4,4,3,3,3,1,,,539,644,102,770,813,105,mm,6-May,905,91,157.8,81.2,14.7,-0.5,67.8,104.7,0.23,7.7,21.8,55.7,19.1,11.3,27.2,-0.18,0.61,-0.027,0.6,2707882,2/5/2013
5/8 SM 11/32 AN 1/32 MX,(3242518),3/5/2017,224E,GW PREDOMINATE 848A,909B,83,3,3,3,3,4,4,3,3,3,1,86,87,536,631,99,760,793,101,mm,9-May,1040,90,139.8,76.1,9.7,1.3,71,110.2,0.24,3.7,20.8,56.3,18.9,14,23.9,-0.25,0.44,-0.062,0.48,2832417,2/15/2014
5/8 SM 3/8 AN,(3242516),2/25/2017,491E,GW PREDOMINATE 848A,825C,67,3,2,3,3,3,3,3,3,3,1,72,106,450,540,87,680,703,93,mm,6-May,920,94,142.2,74.6,11.9,-0.6,62.6,99.3,0.23,6.2,22.5,53.7,17.7,14.4,24,-0.23,0.46,-0.046,0.57,2960553,3/18/2015
5/8 SM 3/8 AN,(3243051),2/2/2017,702E,GW PREDOMINATE 848A,656C,68,3,3,3,3,2,3,3,3,3,1,73,105,599,651,104,795,784,104,mm,2-May,985,89,159.3,82.4,14.4,-1.6,68.4,107.4,0.24,8.5,23.2,57.4,19.6,13.4,24.4,-0.21,0.58,-0.032,0.6,2954578,2/22/2015
5/8 SM 3/8 AN,(3242504),2/18/2017,794E,GW PREDOMINATE 848A,280Z,72,3,3,2,3,3,3,4,3,3,1,71,107,631,676,107,780,782,102,due n,18-May,1005,87,154.9,81.4,12.8,-0.6,67.4,104.4,0.23,4.5,22,55.6,18.5,13.2,23.3,-0.26,0.62,-0.044,0.64,2792881,2/17/2012
5/8 SM 3/8 AN,(3242507),2/19/2017,805E,GW PREDOMINATE 848A,412B,73,2,3,3,3,3,3,3,3,3,3,75,101,595,663,104,780,792,104,due n,7-May,935,93,146.2,81.1,11.9,-0.4,73.8,114.2,0.25,5.6,23.4,60.3,17.8,14.8,29.3,-0.24,0.47,-0.051,0.61,2832099,2/4/2014
5/8 SM 3/8 AN,(3242508),2/20/2017,807E,GW PREDOMINATE 848A,419B,79,4,3,3,2,4,4,3,3,3,1,81,93,648,725,114,805,832,110,due n,4-May,1080,96,150.3,84.2,11.4,0.3,76.8,117.9,0.26,5.9,23,61.4,17.7,14.4,25.2,-0.18,0.57,-0.029,0.56,2832080,2/7/2014
5/8 SM 3/8 AN,(3243042),2/22/2017,852E,GW PREDOMINATE 848A,443B,81,3,4,2,3,3,3,3,2,3,2,83,91,617,697,110,780,809,107,mm,7-May,1035,85,148.1,80,11.7,0.2,71.9,112.6,0.25,6.4,22.8,58.7,18.7,12.3,23.8,-0.18,0.51,-0.042,0.45,2832064,2/12/2014
5/8 SM 3/8 AN,(3243043),2/23/2017,858E,GW PREDOMINATE 848A,446A,75,3,2,2,3,3,3,3,2,2,1,76,101,533,587,93,705,712,92,due n,5-May,945,95,145.8,76.8,10.4,-0.1,64.9,99.5,0.22,5.1,22.6,55,19,15.1,27.7,-0.32,0.52,-0.062,0.75,2708111,2/22/2013
1/2 SM 1/2 AN,(3242495),2/27/2017,911E,GW PREDOMINATE 848A,132Y,76,3,3,3,2,3,3,3,2,2,1,75,102,648,720,114,820,844,111,due n,6-May,1020,92,145.6,80.5,13,-0.7,72.8,113.3,0.25,5.8,23.7,60.1,17.3,13.3,22.3,-0.21,0.45,-0.026,0.63,2658824,2/11/2011
5/8 SM 3/8 AN,(3289458),2/27/2017,916E,GW PREDOMINATE 848A,687Z,75,3,3,2,3,3,3,3,2,3,1,74,107,554,612,99,790,787,101,due n,16-May,965,85,141.2,76,11.1,0.2,68,107.1,0.24,5.1,21.7,55.6,18.2,15.8,29.9,-0.24,0.43,-0.044,0.67,2793018,2/18/2012
1/2 SM 1/2 AN,(3243049),2/28/2017,930E,GW PREDOMINATE 848A,580A,72,3,3,2,3,4,4,2,2,2,2,72,106,550,622,99,725,745,98,due n,8-May,920,89,147.4,76.4,12.7,-0.9,65,100,0.22,5.9,24.3,56.8,19.3,14.1,23.4,-0.17,0.47,-0.028,0.51,2707802,3/8/2013
3/4 SM 1/4 AN,(3242514),3/2/2017,949E,GW PREDOMINATE 848A,593C,69,3,3,3,3,3,3,3,2,3,1,74,104,496,613,98,720,772,102,due n,8-May,895,87,152.2,80.2,14,-0.5,69.4,108.1,0.24,7.4,23.1,57.7,18.9,12.5,22.2,-0.31,0.5,-0.064,0.65,2954521,2/17/2015
1/2 SM 1/2 AN,(3242505),3/6/2017,981E,GW PREDOMINATE 848A,308Y,74,3,3,4,3,3,3,3,4,4,1,73,104,519,585,93,720,734,94,due n,8-May,1025,88,142.5,74.7,11.7,-0.6,65.1,100.7,0.22,6.2,21.1,53.5,18.9,10.5,17.5,-0.22,0.43,-0.034,0.54,2658840,3/5/2011
5/8 SM 3/8 AN,(3242947),2/9/2017,719E,GW PREMIUM BEEF 021TS,788C,65,3,3,2,3,3,3,3,2,2,1,71,107,540,608,97,685,703,93,due n,11-May,890,95,146.1,73.4,14.4,-1.9,56.7,90.2,0.21,7,23.7,52,17.8,14.8,24.5,-0.28,0.47,-0.058,0.62,2954712,3/7/2015
5/8 SM 3/8 AN,(3242961),2/11/2017,736E,GW PREMIUM BEEF 021TS,740C,81,4,3,3,3,3,3,3,3,3,1,86,88,604,678,109,780,796,105,due n,7-May,1000,93,144.7,77.9,13.3,-0.3,63.2,101.6,0.24,6.9,23.1,54.6,14.9,11.1,20.2,-0.26,0.58,-0.045,0.6,2954655,2/28/2015
5/8 SM 3/8 AN,(3242959),2/13/2017,750E,GW PREMIUM BEEF 021TS,548C,72,4,4,3,3,4,3,3,3,3,1,77,100,622,701,112,810,828,110,due n,8-May,1020,91,141.4,78.1,12.6,-0.8,69.4,111.9,0.27,6.1,23.6,58.3,16.6,14.1,29.9,-0.31,0.4,-0.052,0.83,2954481,2/14/2015
5/8 SM 3/8 AN,(3242962),2/16/2017,779E,GW PREMIUM BEEF 021TS,816C,74,4,3,4,3,3,3,3,3,3,1,79,97,573,657,105,755,779,103,mm,9-May,1010,88,145.4,77.2,15.8,-0.9,63.7,101.4,0.24,7.9,23,54.8,15.2,15.1,26.3,-0.25,0.5,-0.04,0.68,2960627,3/13/2015
5/8 SM 3/8 AN,(3242948),2/21/2017,827E,GW PREMIUM BEEF 021TS,104W,76,4,3,3,3,3,3,3,3,3,1,75,102,577,619,98,745,741,97,due n,8-May,1000,95,146.2,74.5,12.8,-1.6,59,94.4,0.22,5.8,24.2,53.6,18.3,16,25.3,-0.23,0.49,-0.04,0.63,2523466,2/25/2009
5/8 SM 3/8 AN,(3242954),2/26/2017,900E,GW PREMIUM BEEF 021TS,364Z,84,4,3,3,4,3,3,3,3,3,1,84,90,573,634,101,770,776,102,mm,7-May,985,99,,,,,,,,,,,,,,,,,,2792935,2/23/2012
5/8 SM 1/4 AN 1/16 DS 1/16 TA,(3242773),3/17/2017,027E,GW PTO 345B,687U,75,4,2,3,3,3,3,3,3,4,1,74,103,515,618,98,670,735,95,advantage,7-May,930,88,141.6,69.9,13.2,-0.6,59.4,95.2,0.22,7.4,25.5,55.1,20.6,12.2,23.9,-0.2,0.34,-0.064,0.33,2531282,2/21/2008
PB SM,(3242766),3/2/2017,953E,GW PTO 345B,150B,68,3,2,2,3,3,3,3,2,3,1,71,106,500,598,94,695,741,95,advantage,4-May,895,92,163.2,81.2,14.1,-0.8,62.9,98.9,0.23,7.7,26.4,57.8,20.5,9.7,28.7,-0.4,0.46,-0.089,0.8,2832505,2/22/2014
5/8 SM 3/8 AN,(3242642),3/1/2017,221E,GW QUANTUM LEAP 117B,812B,85,4,3,3,3,3,3,4,4,4,1,87,85,580,670,106,885,894,114,sparky,7-May,1110,93,145.3,78.8,11.8,-0.1,71.3,117,0.29,6.1,25,60.6,18.6,11.5,21,-0.23,0.43,-0.04,0.57,2832101,1/12/2014
5/8 SM 3/8 AN,(3242643),3/3/2017,223E,GW QUANTUM LEAP 117B,890B,71,3,2,2,4,3,3,3,3,2,1,73,104,536,629,99,720,760,97,sparky,7-May,945,97,146,74.1,14.7,-1.6,65,103.1,0.24,8.3,23.6,56,20.4,9.4,17,-0.22,0.32,-0.035,0.51,2833363,3/17/2014
5/8 SM 3/8 AN,(3289455),2/16/2017,778E,GW QUANTUM LEAP 117B,456B,70,3,3,3,4,3,3,3,3,3,2,72,103,585,643,101,725,740,99,sparky,18-May,945,89,136.1,73.2,13.5,-1.6,64.4,101,0.23,6.1,26.6,58.7,17,12,26.4,-0.19,0.3,-0.032,0.57,2832298,2/13/2014
5/8 SM 3/8 AN,(3242622),2/18/2017,792E,GW QUANTUM LEAP 117B,375A,75,3,3,3,3,4,3,3,3,2,1,75,102,628,683,109,780,789,103,sparky,12-May,1025,92,144.3,77.6,15.2,-1.5,68.6,106.3,0.24,8.3,23.6,57.8,17.1,12,23.3,-0.2,0.39,-0.033,0.56,2708128,2/17/2013
5/8 SM 3/8 AN,(3242626),2/21/2017,837E,GW QUANTUM LEAP 117B,428B,67,4,3,3,4,4,4,3,3,3,1,69,109,564,630,99,780,785,100,sparky,10-May,985,80,141.5,75.1,15.7,-2.2,67.7,108.6,0.26,8.7,25.5,59.3,18.1,10.7,23.1,-0.18,0.26,-0.031,0.52,2832179,2/9/2014
5/8 SM 11/32 AN 1/32 AR,(3242636),2/23/2017,862E,GW QUANTUM LEAP 117B,541B,74,4,3,4,3,4,4,4,4,3,1,76,100,589,665,105,780,798,105,sparky,6-May,1060,92,133.7,74.8,13,-0.8,71.6,113.3,0.26,7.6,21.8,57.5,16.7,7.9,28.9,-0.18,0.25,-0.045,0.47,2832374,2/21/2014
5/8 SM 3/8 AN,(3242624),2/24/2017,885E,GW QUANTUM LEAP 117B,414B,67,3,3,3,3,3,3,3,4,2,2,69,109,595,678,107,760,791,104,sparky,10-May,1025,89,133.4,74.9,14.2,-2,67.6,105.9,0.24,7.9,25.3,59.1,15.1,11.6,32.2,-0.24,0.27,-0.042,0.72,2832520,2/5/2014
5/8 SM 3/8 AN,(3242618),2/26/2017,899E,GW QUANTUM LEAP 117B,313A,75,4,3,3,3,4,3,3,3,3,1,75,102,529,584,93,765,752,99,sparky,3-May,1005,80,141,74.5,15.3,-2.1,66.3,108.2,0.26,8.1,24.6,57.7,17.8,12.2,31.6,-0.16,0.28,-0.028,0.57,2708176,2/6/2013
5/8 SM 3/8 AN,(3242638),2/26/2017,905E,GW QUANTUM LEAP 117B,573B,67,4,3,3,4,3,3,3,4,3,2,69,109,0,,,730,,,sparky,6-May,955,93,137.7,73.2,14.6,-2.1,67.2,105.4,0.24,8.3,24.6,58.1,18.7,11.8,27.9,-0.25,0.2,-0.05,0.63,2832446,2/24/2014
5/8 SM 3/8 AN,(3242621),3/6/2017,973E,GW QUANTUM LEAP 117B,364A,74,3,3,2,4,3,3,3,3,2,2,74,103,548,636,101,755,787,101,sparky,6-May,1070,87,148,77.7,13.7,-1.5,68.4,110.1,0.26,7.4,23.2,57.4,19.5,10.5,22,-0.24,0.39,-0.037,0.63,2708351,2/15/2013
5/8 SM 1/4 AN 1/8 AR,(3243161),2/25/2017,887E,GW RED OAK 295B,134X,80,3,4,3,4,4,4,3,3,3,1,79,97,585,641,102,815,809,106,mo,8-May,1085,95,129.9,72.6,9.7,1.5,77,119.9,0.27,5.1,19.7,58.1,20.3,15.7,32.8,-0.25,0.17,-0.056,0.64,2604207,2/20/2010
5/8 SM 3/8 AN,(3242671),3/8/2017,174E,GW SPECIAL OP 198B,716B,76,3,2,3,3,3,3,2,3,3,1,79,96,527,633,100,745,790,101,mm,7-May,965,91,141.9,76.7,12.3,0.2,64.3,102.6,0.24,6.7,24.6,56.7,15.7,15,27.1,-0.21,0.53,-0.042,0.57,2875358,4/7/2014
5/8 SM 3/8 AN,(3242652),2/11/2017,732E,GW SPECIAL OP 198B,337A,81,4,3,4,3,3,3,3,3,3,1,82,93,658,695,110,895,869,112,mm,5-May,1140,92,133.2,74.4,10.1,1.1,66.5,106.2,0.25,5.5,27.7,60.9,15.7,13.4,16.2,-0.14,0.45,-0.024,0.34,2708098,2/12/2013
1/2 SM 1/2 AN,(3242662),2/15/2017,772E,GW SPECIAL OP 198B,436A,83,4,3,3,3,4,4,3,3,4,1,83,91,574,613,97,745,733,96,mm,5-May,1000,86,128.8,70.6,9.6,1.1,60.3,96.1,0.22,5.6,24.9,55,14.9,13,20,-0.19,0.45,-0.024,0.54,2708300,2/21/2013
1/2 SM 1/2 AN,(3242653),2/23/2017,878E,GW SPECIAL OP 198B,352A,75,3,3,3,3,3,3,3,3,2,1,75,102,644,707,112,795,812,106,jackpot,8-May,1050,93,141.2,78.9,9.6,0.9,69.4,108.7,0.25,5.7,24.9,59.5,16,10.8,38.2,-0.12,0.58,-0.029,0.54,2707814,2/14/2013
1/2 SM 1/2 AN,(3242666),3/3/2017,959E,GW SPECIAL OP 198B,510B,68,2,2,2,3,4,4,3,2,2,1,70,108,508,594,94,690,720,95,mm,8-May,875,92,138.8,73.9,13,-0.5,57.8,92.6,0.22,7.4,28.5,57.3,14.6,15.6,20.6,-0.22,0.53,-0.036,0.55,2832365,2/17/2014
5/8 SM 3/8 AN,(3243191),2/20/2017,139E,GW TRIPLE CROWN 018C,504C,67,3,3,3,3,3,3,3,3,3,1,72,106,544,624,100,775,786,104,mm,7-May,1010,91,157.9,79.4,15.7,-2.5,58.9,98.1,0.25,8.5,24,53.4,17.3,17.4,27.8,-0.14,0.64,-0.024,0.47,2954440,2/6/2015
5/8 SM 3/8 AN,(3243194),2/10/2017,730E,GW TRIPLE CROWN 018C,770C,67,3,2,2,3,2,3,3,2,3,1,72,106,536,593,95,720,716,95,mm,12-May,885,92,154,78.2,14.2,-2.1,59.3,96.8,0.23,7.8,22.6,52.2,17.4,17.3,31.8,-0.18,0.61,-0.038,0.57,2954695,3/4/2015
5/8 SM 3/8 AN,(3243069),2/21/2017,839E,GW WOLFPACK 712A,513U,87,4,3,3,3,4,4,4,3,3,1,86,87,595,637,101,720,727,95,enforcer,14-May,990,94,144.5,73.9,10.3,0.8,59.2,93.9,0.22,4.1,23.1,52.7,18.4,9.9,14.7,-0.28,0.58,-0.066,0.45,2472858,2/5/2008
5/8 SM 3/8 AN,(3243057),2/24/2017,880E,GW WOLFPACK 712A,118W,80,3,3,3,3,3,3,3,2,2,1,79,97,588,629,100,730,732,96,enforcer,10-May,960,87,147.6,76.2,9.5,0.2,60,94.7,0.22,4.5,23.8,53.7,18.7,8,22.1,-0.35,0.62,-0.059,0.79,2523473,2/27/2009
5/8 SM 3/8 AR,(3289447),3/16/2017,022E,GW YUKON JACK 612B,159W,70,3,3,3,3,4,4,2,3,3,1,69,,434,504,,650,665,,mo,18-May,920,86,142.5,67.4,14,-1.9,54.2,80.5,0.16,6.3,23.8,50.9,21.7,9.4,19.1,-0.25,0.32,-0.034,0.63,2523653,3/3/2009
5/8 SM 1/4 AN 1/8 AR,(3242674),3/16/2017,026E,GW YUKON JACK 612B,140W,78,4,3,3,4,3,3,3,3,3,1,77,99,0,,,675,,,imperial,11-May,990,87,146.6,68.9,13,-0.3,56.5,84.7,0.18,7.3,22.8,51,22.7,8,20.5,-0.17,0.42,-0.031,0.43,2523645,3/1/2009
5/8 SM 1/4 AN 1/8 AR,(3386956),2/8/2017,0716E,GW YUKON JACK 612B,675C,77,5,2,3,3,3,3,3,3,3,1,82,,0,,,0,,,m move,8-May,1010,75,160.4,80.2,14.3,-0.7,64.2,97.4,0.21,7.2,25.9,58,20.8,12.8,23.8,-0.27,0.62,-0.036,0.76,2954619,2/25/2015
PB SM,(3242681),2/27/2017,913E,GW YUKON JACK 612B,333A,67,3,3,4,3,2,3,3,3,4,1,68,111,626,715,114,735,791,104,mo,10-May,1030,93,167.5,84.3,14.9,-1.9,67.1,98.3,0.2,8,26.6,60.1,21.2,10.8,31.5,-0.33,0.45,-0.059,0.85,2711760,2/11/2013
1/2 SM 1/2 AR,(3242675),3/1/2017,938E,GW YUKON JACK 612B,153W,64,3,2,2,3,3,3,3,3,3,1,63,118,534,588,93,705,712,93,mo,9-May,855,91,148.4,71.8,17.2,-3.8,54.5,84.9,0.19,9,24.9,52.1,18.7,12.2,11.6,-0.09,0.39,-0.013,0.23,2523484,3/2/2009
3/4 SM 1/4 AR,(3242679),3/3/2017,957E,GW YUKON JACK 612B,304X,81,3,2,3,3,3,3,3,3,3,1,80,95,527,592,94,700,719,94,mo,12-May,1000,93,143.7,66.1,15.3,-1.3,54.2,78.4,0.15,6.1,21.8,48.9,22.7,6.1,18.4,-0.25,0.3,-0.05,0.52,2604268,3/27/2010
PB SM,(3243184),2/18/2017,393E,HOOK`S BEACON 56B,648TS,81,3,4,3,4,4,4,2,3,3,2,81,94,576,635,101,760,772,101,sparky,6-May,995,76,156.7,78.4,15.6,-0.9,64.1,97.1,0.21,8.3,25.3,57.3,20.1,14.9,22.1,-0.44,0.31,-0.069,1,2378846,3/2/2006
PB SM,(3243176),2/10/2017,723E,HOOK`S BEACON 56B,298Z,65,4,3,3,3,4,4,3,3,3,1,65,115,640,667,106,815,794,104,sparky,11-May,990,75,175.9,86.4,16.8,-3.4,64.3,97.9,0.21,9.5,30.8,63,21.9,14.2,28.2,-0.36,0.49,-0.052,0.98,2792889,2/18/2012
PB SM,(3243181),2/19/2017,799E,HOOK`S BEACON 56B,419Z,67,3,3,2,3,4,4,2,2,2,1,67,112,564,624,99,720,739,97,sparky,6-May,960,95,164.5,78.5,16.7,-2,64.6,96.1,0.2,9,26,58.3,24.4,12.6,21,-0.52,0.23,-0.086,1.11,2792966,3/1/2012
PB SM,(3243180),2/20/2017,816E,HOOK`S BEACON 56B,412Z,75,4,4,3,4,3,3,3,3,3,2,75,102,579,629,100,790,783,103,sparky,18-May,1000,85,164,80.4,15.2,-1.5,64.8,99.4,0.22,9.6,27.7,60.1,22.6,14.1,22.4,-0.42,0.34,-0.07,0.93,2792962,2/29/2012
PB SM,(3243182),2/24/2017,886E,HOOK`S BEACON 56B,551U,80,5,4,4,3,3,3,3,4,4,2,79,97,618,690,110,840,856,112,gauge,8-May,1105,90,164.4,83.8,16,-1.1,69.7,107.9,0.24,9.5,26.5,61.3,20.4,10.8,31.3,-0.36,0.39,-0.067,0.89,2472871,2/9/2008
3/4 SM 1/4 AN,(3242538),2/20/2017,806E,redHILL T189 MEDAL 176A,663C,68,4,3,3,3,3,3,3,3,3,1,73,105,554,654,105,710,759,100,mo,7-May,965,77,132.2,72.1,11.2,-0.5,66,101.5,0.22,4.7,22.9,55.9,17.9,17,22.1,-0.4,0.26,-0.073,0.86,2954607,2/23/2015
5/8 SM 3/8 AN,(3242434),3/23/2017,039E,TFS DUE NORTH 2659Z,432B,78,3,3,2,3,4,4,3,3,3,1,80,95,538,694,109,780,870,111,mm,15-May,985,90,143.4,76.4,14.4,-0.5,66.7,105.9,0.24,7.7,28.3,61.6,17.7,14.6,20.4,-0.25,0.4,-0.032,0.68,2832302,2/10/2014
5/8 SM 3/8 AN,(3242990),2/23/2017,218E,TFS DUE NORTH 2659Z,617B,67,3,2,3,3,3,3,3,2,3,1,69,109,560,636,100,780,794,102,mm,9-May,925,90,154.4,77.4,15.7,-2.2,62.5,100.2,0.24,8.2,26.4,57.6,19.9,12.9,18.6,-0.24,0.46,-0.025,0.68,2832239,2/28/2014
5/8 SM 3/8 AN,(3289470),3/10/2017,611E,TFS DUE NORTH 2659Z,488A,75,2,3,2,3,3,3,2,2,2,1,76,104,558,662,107,755,803,107,mm,6-May,970,95,138.1,74.8,14.6,-0.5,66.2,105.4,0.25,6.9,27.5,60.5,16.3,16.3,20.7,-0.28,0.35,-0.039,0.73,2707862,2/25/2013
5/8 SM 3/8 AN,(3242999),2/11/2017,734E,TFS DUE NORTH 2659Z,804C,72,3,3,2,3,3,3,3,2,2,1,77,100,611,686,110,780,801,105,mm,6-May,995,92,145.6,78.1,14.1,-0.8,69.3,106.2,0.23,7.1,25.1,59.7,18.2,12.1,19.8,-0.28,0.41,-0.032,0.77,2960676,3/10/2015
5/8 SM 3/8 AN,(3242993),2/13/2017,751E,TFS DUE NORTH 2659Z,654C,65,3,3,2,3,4,4,3,2,3,1,70,109,538,610,98,715,732,96,mm,10-May,925,91,148.4,76,15,-1.5,64.6,100.7,0.23,8,26.4,58.6,19.6,11.9,15.7,-0.3,0.39,-0.035,0.74,2954604,2/23/2015
5/8 SM 3/8 AN,(3242992),2/15/2017,773E,TFS DUE NORTH 2659Z,643C,50,3,2,3,3,3,3,3,3,3,2,49,,523,548,,680,664,,mm,8-May,830,90,151.6,80.7,14.6,-0.1,73.5,113.3,0.25,7.6,20.2,56.9,19.2,12.4,21.4,-0.31,0.45,-0.042,0.8,2954595,2/22/2015
5/8 SM 1/4 AN 1/8 AR,(3242980),2/18/2017,789E,TFS DUE NORTH 2659Z,259Y,80,4,3,3,3,2,3,3,3,3,1,79,97,632,665,106,840,815,107,mm,7-May,1060,95,147.3,79,12.7,-0.7,69.4,106.9,0.23,6.6,26.6,61.2,18.7,12.2,24.6,-0.26,0.46,-0.031,0.77,2658793,2/26/2011
5/8 SM 3/8 AN,(3242984),2/22/2017,849E,TFS DUE NORTH 2659Z,359A,85,3,4,2,3,3,3,2,3,3,2,86,87,599,660,105,800,803,105,mm,7-May,1035,95,147.1,76.2,12.8,-0.2,68.5,108.8,0.25,6.4,25.6,59.8,20.9,14,26.8,-0.24,0.39,-0.028,0.76,2708370,2/15/2013
5/8 SM 3/8 AN,(3289457),2/24/2017,881E,TFS DUE NORTH 2659Z,955TS,78,4,2,3,3,3,3,3,2,3,1,77,103,538,577,93,740,726,97,mm,10-May,970,92,140.5,72.6,12.5,-0.1,58.7,89.5,0.19,7.7,25.1,54.4,17.2,9.5,24.7,-0.28,0.49,-0.042,0.74,2379038,2/25/2006
5/8 SM 3/8 AN,(3242997),2/24/2017,882E,TFS DUE NORTH 2659Z,778T,84,4,3,3,3,4,3,3,3,3,1,83,91,608,658,105,795,795,104,mm,7-May,1020,92,149.8,74.3,12.6,0.6,62.6,98.7,0.23,7.1,25.7,57,21.3,11.2,30,-0.23,0.5,-0.026,0.79,2424413,3/8/2007
5/8 SM 3/8 AN,(3242437),3/3/2017,952E,TFS DUE NORTH 2659Z,507B,70,4,3,3,3,3,3,3,3,3,1,72,105,595,700,110,795,839,111,mm,14-May,1005,63,152.4,80.7,14.9,-1.2,69.5,109.6,0.25,8.5,25,59.7,18.4,16.1,27.7,-0.26,0.48,-0.034,0.78,2832031,2/18/2014
5/8 SM 3/8 AN,(3242432),3/7/2017,987E,TFS DUE NORTH 2659Z,237Y,77,3,3,3,3,3,3,3,3,3,1,76,101,473,530,84,795,772,99,mm,9-May,960,91,135,71.8,12.8,-0.1,64.3,107,0.27,7.1,26.4,58.5,17.8,10.8,29.6,-0.3,0.29,-0.047,0.84,2658888,2/23/2011
5/8 SM 3/8 AN,(3242541),3/14/2017,181E,TJ MARLBORO MAN 360A,279X,72,2,3,2,4,3,3,2,3,2,2,71,107,544,641,102,735,784,101,bthru,9-May,980,96,147.4,74.5,14.2,-0.8,60,94.3,0.21,9.2,27.6,57.5,18.7,13.2,23.4,-0.22,0.48,-0.028,0.66,2604142,3/12/2010
5/8 SM 3/8 AN,(3242546),3/2/2017,548E,TJ MARLBORO MAN 360A,346Y,82,3,3,3,3,3,3,3,3,3,3,81,94,529,585,93,730,731,96,bthru,9-May,1010,96,142.1,73.1,10,0.8,61.3,97.9,0.23,6.5,25.9,56.5,19.2,9.5,25.8,-0.17,0.52,-0.028,0.52,2658761,3/12/2011
1/2 SM 3/8 AN 1/8 AR,(3243143),2/1/2017,700E,TJ MARLBORO MAN 360A,774C,75,4,3,3,3,3,3,3,3,3,1,80,96,657,700,112,825,810,107,bthru,7-May,1030,91,149.8,78.7,15.8,-0.5,70,109.6,0.25,9.2,29.2,64.2,19.1,15.1,23.3,-0.17,0.42,-0.028,0.5,2954693,3/4/2015
5/8 SM 3/8 AN,(3243131),2/2/2017,701E,TJ MARLBORO MAN 360A,629C,72,3,3,3,4,2,3,3,2,3,2,77,100,602,654,105,780,773,102,sparky,6-May,1060,91,156.8,78.7,15.5,-0.8,64.6,103.1,0.24,9.3,29.2,61.5,20.3,7.9,15.5,-0.16,0.54,-0.027,0.37,2954566,2/21/2015
5/8 SM 11/32 AN 1/32 AR,(3243153),2/6/2017,707E,TJ MARLBORO MAN 360A,834C,79,4,4,3,3,3,3,3,4,2,1,84,90,575,634,102,840,819,108,bthru,9-May,1140,97,147.3,76.8,15.6,-0.1,68.9,110.9,0.26,10,28.4,62.8,19.4,12,22.6,-0.26,0.37,-0.03,0.75,2960629,3/20/2015
1/2 SM 1/2 AN,(3243134),2/6/2017,708E,TJ MARLBORO MAN 360A,661C,67,3,2,3,3,3,3,3,2,2,1,72,106,554,612,98,700,709,93,bthru,7-May,915,90,156.9,77.5,17.2,-2.2,59.9,95.6,0.22,10.1,29.1,59,19,13.8,17.8,-0.1,0.54,-0.009,0.34,2954603,2/23/2015
1/2 SM 1/2 AN,(3242551),2/10/2017,728E,TJ MARLBORO MAN 360A,580C,69,4,3,3,3,4,4,4,3,3,1,74,104,573,640,103,770,773,102,bthru,6-May,1030,88,159.2,79.2,16.6,-1.6,62.5,99.1,0.23,9.8,28.8,60,19.6,13,19,-0.12,0.57,-0.008,0.45,2954507,2/16/2015
1/2 SM 1/2 AN,(3243117),2/12/2017,745E,TJ MARLBORO MAN 360A,431A,67,2,,,2,3,3,,3,3,1,67,112,552,583,93,750,723,95,bthru,10-May,1010,91,171.1,79.8,18.3,-2.6,57.8,93.9,0.23,10.8,30.5,59.4,22.3,11.4,20.6,-0.1,0.65,-0.007,0.4,2708322,2/21/2013
5/8 SM 3/8 AN,(3243141),2/13/2017,749E,TJ MARLBORO MAN 360A,753C,72,3,2,3,4,3,3,3,2,3,2,77,100,551,624,100,765,770,102,bthru,10-May,940,87,154.6,78.3,15.7,-1.2,64.8,104.7,0.25,9.4,28.9,61.2,19.8,14.9,22.4,-0.17,0.49,-0.029,0.48,2954672,3/1/2015
1/2 SM 7/16 AN 1/16 CS,(3243126),2/14/2017,755E,TJ MARLBORO MAN 360A,566C,66,3,2,2,4,2,3,3,3,2,1,71,107,573,651,104,770,785,104,bthru,14-May,1010,89,152.7,78.6,16.3,-2.1,64.4,102.9,0.24,9.3,28.3,60.4,18.2,9.4,20.2,-0.16,0.48,-0.023,0.46,2954505,2/16/2015
5/8 SM 3/8 AN,(3243122),2/14/2017,756E,TJ MARLBORO MAN 360A,534C,65,2,2,2,3,2,3,2,3,3,1,70,109,515,583,93,695,704,93,bthru,10-May,940,90,153.6,76.8,16.1,-1.9,60.7,96.6,0.22,9.8,29.2,59.5,19.1,12.8,25.5,-0.16,0.5,-0.028,0.5,2954471,2/13/2015
5/8 SM 3/8 AN,(3243140),2/14/2017,759E,TJ MARLBORO MAN 360A,747C,79,3,3,4,3,4,4,3,3,2,2,84,90,550,623,100,735,747,99,sparky,8-May,1000,91,156.2,79.8,13.2,0.2,65.7,105,0.25,8.8,29.6,62.5,20,11.1,19.8,-0.18,0.61,-0.031,0.45,2954669,3/1/2015
1/2 SM 1/2 AN,(3243124),2/14/2017,761E,TJ MARLBORO MAN 360A,565A,89,4,3,3,3,3,3,3,3,3,1,90,82,586,624,99,835,803,105,bthru,7-May,1075,91,156,80.6,12.6,1,67,107.2,0.25,7.7,25.8,59.3,19.1,10.4,22.7,-0.11,0.68,-0.009,0.46,2708237,3/5/2013
1/2 SM 1/2 AN,(3242565),2/25/2017,889E,TJ MARLBORO MAN 360A,954W,80,2,3,2,3,3,3,2,2,3,2,79,97,589,635,101,760,760,100,bthru,6-May,940,85,157.4,79.4,13.9,-0.3,61.5,98.4,0.23,8,29.9,60.6,18.9,9.1,20.2,-0.13,0.68,-0.021,0.39,2523718,2/10/2009
5/8 SM 3/8 AN,(3243127),2/25/2017,898E,TJ MARLBORO MAN 360A,571A,72,4,3,3,3,3,3,3,4,4,2,73,104,545,607,96,755,757,99,bthru,30-Apr,1015,91,151.6,72.9,17.8,-1.1,60.5,98.2,0.24,11.6,27.1,57.3,20.5,11,21,-0.05,0.4,0.001,0.34,2708290,3/6/2013
5/8 SM 3/8 AN,(3242558),3/2/2017,948E,TJ MARLBORO MAN 360A,620B,78,4,3,4,3,3,3,3,4,3,2,80,95,606,709,112,805,852,109,sparky,10-May,1055,91,149.6,80.8,14.2,0.1,71.8,114,0.26,8.9,28.2,64.1,18,11.8,17.5,-0.21,0.49,-0.035,0.5,2832177,2/28/2014
5/8 SM 5/16 AN 1/16 MX,(3242552),3/6/2017,979E,TJ MARLBORO MAN 360A,588U,80,4,3,3,3,4,4,3,3,3,1,79,97,580,670,106,740,785,103,bthru,17-May,975,87,143.5,73.9,15.6,0.3,66.6,103,0.23,8.9,26.2,59.4,19.3,11.4,15.6,-0.27,0.35,-0.046,0.57,2473350,2/13/2008
1/2 SM 1/2 AR,(3242906),2/16/2017,782E,VGW DIRECT DRIVE 512,470B,67,4,3,3,3,3,3,3,3,3,1,69,109,610,669,105,760,767,101,mo,6-May,1025,69,148.2,76.3,17.3,-1.5,63.7,101.2,0.23,9.1,26.1,57.9,17,11.9,31.6,-0.06,0.46,-0.022,0.3,2832452,2/14/2014
1/2 SM 1/2 AR,(3242908),2/26/2017,906E,VGW DIRECT DRIVE 512,487B,72,4,3,3,3,3,3,3,3,3,1,74,102,501,570,90,680,690,91,mo,10-May,1150,92,143.8,70.5,16.1,-2,55.8,88.4,0.2,6.5,24.2,52.1,18.4,15.7,20.1,-0.19,0.38,-0.032,0.48,2832397,2/16/2014
1/2 SM 1/2 AR,(3242907),2/28/2017,932E,VGW DIRECT DRIVE 512,482B,68,3,2,3,3,3,3,3,2,3,1,70,108,550,638,101,680,723,95,mo,7-May,895,95,141.6,73.6,14.1,-1.6,63,95.3,0.2,8.4,25.1,56.5,18.3,10.2,37,-0.21,0.36,-0.032,0.75,2832469,2/16/2014
1/2 SM 1/2 AR,(3289462),3/10/2017,999E,VGW DIRECT DRIVE 512,466B,75,4,3,3,3,3,3,3,3,3,1,77,97,523,634,99,700,757,101,mo,7-May,900,91,140.6,72.4,13.3,-0.8,63.4,96.5,0.21,6.1,24.2,55.9,19.2,10.6,32.4,-0.18,0.36,-0.036,0.59,2832223,2/14/2014
5/8 SM 3/8 AN,(3243044),2/20/2017,810E,GW PREDOMINATE 848A,458B,68,4,3,3,3,3,3,3,3,3,2,70,108,562,629,99,735,749,99,due n,5-May,895,89,150.4,81.2,12.5,-0.7,67.8,107.4,0.25,7.2,24.1,58,16.9,14.6,22.3,-0.25,0.59,-0.048,0.58,2832462,2/13/2014
1/2 SM 1/2 AR,(3242905),2/23/2017,865E,VGW DIRECT DRIVE 512,449B,80,4,3,3,3,3,3,3,3,3,1,82,92,558,628,99,725,739,97,mo,11-May,940,92,144.1,74.3,11.6,-0.1,62.9,99.6,0.23,5.9,24,55.4,18.9,14.6,31.1,-0.12,0.49,-0.033,0.41,2832241,2/13/2014
5/8 SM 3/8 AN,(3243210),2/28/2017,927E,GW BREAKTHRU 045C,425B,68,2,2,3,3,2,2,3,3,3,1,70,108,515,595,94,680,711,91,mm,6-May,930,91,168.4,82,15.3,-2,57.4,93.3,0.22,9,28,56.7,19.8,16.4,30,-0.24,0.77,-0.038,0.73,2832118,2/8/2014
5/8 SM 3/8 AN,(3242599),2/22/2017,845E,GW GOLDEN EAGLE 015B,618A,62,2,3,3,3,3,3,3,2,2,1,63,118,541,597,95,740,739,97,mm,5-May,915,93,151.5,69.5,19.5,-2.8,52.4,88.4,0.23,10,28,54.1,20.8,14.8,20.4,-0.31,0.32,-0.067,0.59,2710171,3/25/2013
5/8 SM 1/4 AN 1/8 AR,(3242848),2/16/2017,777E,GW MOVIN ON 183C,533B,64,2,2,2,3,3,3,3,2,3,1,66,113,525,572,90,685,680,90,dd,8-May,875,90,152.6,76.1,15.2,-3.1,60,93.6,0.21,7.5,24.2,54.2,19.7,15.7,33.3,-0.24,0.44,-0.043,0.72,2832286,2/20/2014
5/8 SM 1/4 AN 1/8 AR,(3242860),2/21/2017,844E,GW MOVIN ON 183C,646B,73,2,3,2,3,3,2,3,2,2,1,75,101,535,596,94,780,768,101,due n,13-May,985,86,148.9,79.1,12.8,-1.5,66.7,106.4,0.25,6.8,23,56.3,18.2,17.8,30.2,-0.34,0.47,-0.063,0.83,2832461,3/7/2014
5/8 SM 3/8 AN,(3243192),2/15/2017,766E,GW TRIPLE CROWN 018C,528C,64,2,3,2,3,3,3,2,3,3,1,69,110,546,616,99,695,713,94,mm,7-May,970,91,157.5,78.7,16,-3,57.9,94.2,0.23,8.7,24.2,53.1,17.6,13.5,28.6,-0.2,0.6,-0.035,0.6,2954464,2/12/2015
5/8 SM 3/8 AN,(3243066),2/26/2017,902E,GW WOLFPACK 712A,351Z,88,2,3,2,3,4,4,2,2,2,1,88,85,603,665,106,720,749,96,enforcer,8-May,955,91,134.1,72.5,8.2,0.9,63.4,98.7,0.22,4.4,24.2,55.9,17.9,10.8,13.8,-0.33,0.44,-0.062,0.61,2792927,2/22/2012
PB SM,(3242686),3/13/2017,005E,GW YUKON JACK 612B,454A,72,2,2,3,3,2,3,2,3,3,1,73,104,521,637,101,670,746,96,mo,10-May,915,88,158.8,79,12.6,-1.1,60.9,86.9,0.16,5.6,25,55.4,20.4,10.7,30.2,-0.33,0.46,-0.065,0.78,2708119,2/22/2013
5/8 SM 3/8 AN,(3242977),2/22/2017,848E,GW-WBF SUBSTANCE 820Y,819R,77,2,2,2,3,3,3,3,3,2,3,76,101,542,577,92,715,704,92,mm,7-May,915,90,144,73.7,13,0.1,59.6,94.8,0.22,7.2,23.2,53,17.5,13.3,22.2,-0.26,0.52,-0.06,0.5,2325627,2/21/2005
5/8 SM 3/8 AN,(3242978),2/26/2017,903E,GW-WBF SUBSTANCE 820Y,833TS,74,2,3,2,3,3,3,3,2,2,1,73,104,531,577,92,735,730,94,mm,11-May,980,86,142.2,74.9,12.7,0.1,63,100.5,0.23,7.7,21.1,52.6,16.7,14.6,30.1,-0.24,0.5,-0.046,0.65,2378927,2/10/2006
5/8 SM 3/8 AN,(3242479),3/3/2017,960E,GW CARRY ON Z0219,558T,78,2,3,2,3,3,4,3,2,2,1,77,99,517,586,93,735,749,96,mm,11-May,980,91,139.8,75,14.2,0,62.6,101.9,0.25,8.6,25.6,56.9,15.2,13.4,32.1,-0.31,0.46,-0.062,0.78,2424211,2/10/2007
1/2 SM 1/2 AN,(3242797),3/11/2017,002E,GW JACKPOT 027C,945W,70,2,2,2,4,2,3,2,2,3,1,69,110,571,658,105,705,757,97,sparky,6-May,925,92,164.9,79.6,19.5,-2.6,57,89.5,0.2,12.9,24.8,53.2,18.1,12,15.2,-0.26,0.66,-0.037,0.59,2523713,2/9/2009
5/8 SM 3/8 AN,(3242788),2/20/2017,820E,GW JACKPOT 027C,571B,68,2,3,2,3,2,2,3,2,3,1,70,108,529,590,93,680,692,91,sparky,7-May,905,92,159.9,78.3,16.9,-1.8,59.4,94.9,0.22,10.6,22.8,52.5,18.9,15.7,29.6,-0.18,0.61,-0.026,0.64,2960729,2/24/2014
5/8 SM 3/8 AN,(3242513),3/10/2017,997E,GW PREDOMINATE 848A,593B,65,2,2,2,3,3,3,3,2,2,1,67,112,507,616,97,675,735,94,due n,12-May,900,86,152.6,75.8,15.8,-1.9,61.2,94.7,0.21,8.4,25,55.6,19.9,6.6,25.4,-0.23,0.46,-0.056,0.51,2832257,2/26/2014
5/8 SM 3/8 AN,(3242949),2/20/2017,822E,GW PREMIUM BEEF 021TS,119X,72,2,3,2,4,3,3,3,2,2,1,71,107,602,644,102,800,788,103,due n,15-May,985,88,150.1,77.3,13.3,-1.4,62.8,100.5,0.24,7,24.1,55.5,18.7,16.9,19.4,-0.29,0.5,-0.048,0.68,2604194,2/19/2010
1/2 SM 1/2 AN,(3242669),3/3/2017,954E,GW SPECIAL OP 198B,590A,84,2,3,2,4,3,3,3,2,2,1,84,90,546,623,99,815,822,106,mm,12-May,1020,85,139.7,76,10.8,1.2,63.6,103.9,0.25,5.7,25.1,56.8,15.2,14,29.3,-0.14,0.59,-0.026,0.51,2710163,3/14/2013
1/2 SM 1/2 AN,(3242660),3/25/2017,040E,GW SPECIAL OP 198B,424B,87,4,2,4,3,3,3,3,3,3,1,89,83,533,683,108,775,858,110,mm,6-May,1000,78,135.3,76.5,9.3,2.4,69.8,112.2,0.26,5.4,24.3,59.1,15.5,12.2,38.1,-0.16,0.53,-0.036,0.59,2832067,2/8/2014
1/2 SM 1/2 AN,(3242664),2/15/2017,771E,GW SPECIAL OP 198B,459B,71,2,2,2,3,3,3,3,2,2,1,73,104,551,603,95,670,682,90,mm,4-May,900,92,140.9,74.7,13.1,-0.4,58.7,92.7,0.21,7.5,25.9,55.2,14.7,15.1,32.7,-0.19,0.56,-0.019,0.76,2832244,2/13/2014
1/2 SM 1/2 AN,(3242969),2/6/2017,706E,A A R TEN X 7008 S A,671C,70,2,3,2,3,3,3,3,2,2,1,75,102,506,562,90,695,688,91,sparky,8-May,895,30,149.8,80.9,13.3,-0.3,66.4,110.2,0.27,8.4,24.1,57.2,16.4,13.5,39.6,-0.12,0.75,-0.024,0.56,2954614,2/24/2015
1/2 SM 1/2 AN,(3243085),2/21/2017,825E,CCR SPARTAN 9124A,198X,81,2,3,2,3,2,2,3,2,2,1,80,95,478,493,,660,629,,bthru,12-May,895,66,148.9,79.9,12.6,0.8,69.3,99.6,0.19,8.7,19.5,54.1,16.8,6.8,35,-0.05,0.65,-0.01,0.4,2604252,2/27/2010
5/8 SM 3/8 AN,(3243004),2/20/2017,135E,GW BAR CK BREAKOUT 667Z,022W,74,3,3,3,3,3,3,3,3,3,1,73,104,580,610,97,755,741,95,mm,8-May,990,44,156.7,78.9,13.6,-0.2,61.3,99.1,0.24,7.6,27.2,57.9,19.1,12.9,30.6,-0.22,0.66,-0.042,0.64,2523593,2/17/2009
5/8 SM 3/8 AN,(3242450),2/9/2017,721E,GW BAR CK BREAKOUT 667Z,256X,79,4,3,3,3,3,3,3,2,3,1,78,98,670,686,109,780,764,100,mm,19-May,1025,30,143.5,78.3,10.5,0.7,71.3,113.8,0.27,5.8,22.9,58.5,18.5,13.7,31.5,-0.26,0.47,-0.065,0.59,2604287,3/8/2010
5/8 SM 3/8 AN,(3242822),2/3/2017,704E,GW BREAKTHRU 045C,830C,72,4,2,3,4,3,3,3,3,3,1,77,100,606,660,106,765,764,101,quant,12-May,980,35,164.6,81.7,16.9,-2.6,60.5,96.7,0.23,9.5,29.2,59.4,19,14,20.6,-0.16,0.66,-0.024,0.45,2960666,3/19/2015
5/8 SM 3/8 AN,(3243221),2/10/2017,731E,GW BREAKTHRU 045C,570C,86,3,3,3,3,3,3,3,2,2,1,91,81,554,624,100,790,788,104,mm,,1025,39,152.4,79.3,14.4,0.2,65.3,106.3,0.26,8.5,23.8,56.4,17.5,11.5,19.9,-0.29,0.59,-0.06,0.59,2954493,2/15/2015
5/8 SM 5/16 AN 1/16 MX,(3242742),3/15/2017,020E,GW COMMANDER 324B,183X,70,2,2,3,3,2,2,3,2,2,1,69,110,461,538,85,655,683,88,mm,12-May,855,66,141.2,66,15.9,-2,51.9,83.6,0.2,9.7,21.6,47.5,20.6,8.8,20.8,-0.39,0.26,-0.084,0.72,2604233,2/25/2010
5/8 SM 1/4 AR 1/8 AN,(3242762),2/14/2017,763E,GW COMMOTION 333B,735C,78,2,4,2,3,3,3,2,2,3,1,83,92,548,626,100,735,757,100,227d,8-May,935,75,140,74.1,14.3,-0.2,70.4,108.1,0.24,8,22.7,57.8,19.7,14.7,31.1,-0.31,0.25,-0.071,0.71,2954648,2/28/2015
5/8 SM 1/4 AR 1/8 AN,(3289460),2/28/2017,933E,GW COMMOTION 333B,974W,90,2,4,2,4,3,3,4,2,2,1,89,88,616,670,108,825,822,110,227d,11-May,1055,75,126.5,74.3,11.3,1.8,75.3,118.9,0.27,6.1,21.5,59.1,15.3,15.5,40,-0.27,0.26,-0.062,0.75,2523730,2/12/2009
5/8 SM 3/8 AN,(3242722),3/7/2017,983E,GW COUNTRY BOY 142B,551B,72,3,3,2,3,4,4,3,2,3,1,74,102,0,,,735,,,mo,8-May,935,32,134.8,72.2,14.1,-2.1,63.1,100.8,0.24,6,27.4,58.9,17.3,13.6,30,-0.39,0.22,-0.081,0.84,2832552,2/22/2014
1/2 SM 1/2 AN,(3242585),3/14/2017,014E,GW GOLDEN EAGLE 015B,434B,75,2,3,3,3,3,3,2,2,2,1,77,98,525,645,102,685,758,97,mm,,945,32,147.8,73.4,16.8,-1,61.8,100.2,0.24,8.2,23.1,54,19.1,12.8,22,-0.2,0.39,-0.037,0.49,2832132,2/10/2014
5/8 SM 3/8 AN,(3242572),2/28/2017,159E,GW GOLDEN EAGLE 015B,207A,84,3,4,3,3,4,4,2,2,2,1,84,90,525,588,93,795,788,101,mm,13-May,1010,64,134.1,67.6,14.9,0.7,60.8,102.1,0.26,5.1,22.7,53.1,18.1,11.7,24.5,-0.17,0.28,-0.047,0.35,2708048,2/11/2013
5/8 SM 3/8 AN,(3242790),3/1/2017,935E,GW JACKPOT 027C,586B,84,3,3,3,3,3,3,3,2,2,1,86,87,573,664,105,770,801,106,bthru,,1010,28,154.1,80,14.1,0,69.3,110.1,0.26,7.8,24.3,58.9,19.9,15.9,36.1,-0.29,0.51,-0.039,0.94,2832268,2/25/2014
1/2 SM 1/2 AN,(3242536),2/24/2017,879E,GW MARSHALL 756A,486A,71,2,2,2,3,3,3,3,2,3,1,71,107,466,512,81,645,641,82,mm,6-May,860,77,159.2,80,13.8,-1.7,58.9,92.1,0.21,6.8,22.9,52.3,18,18.4,18.7,-0.18,0.72,-0.019,0.54,2711771,2/25/2013
5/8 SM 5/16 AN 1/16 AR,(3242834),2/23/2017,876E,GW MOVIN ON 183C,126Y,67,3,3,3,3,3,3,3,2,2,1,66,114,519,553,88,680,668,88,dd,9-May,920,67,155.5,74.5,18.4,-4.4,56.7,89.6,0.21,9.3,23.8,52.1,20.1,15.6,33.7,-0.21,0.39,-0.041,0.67,2658780,2/10/2011
1/2 SM 1/2 AN,(3242501),2/25/2017,154E,GW PREDOMINATE 848A,244Z,86,3,3,2,3,3,4,4,3,3,1,85,89,562,614,98,695,710,91,,,965,60,144.2,75.9,10.1,0.8,65,98.1,0.21,4.3,22.1,54.5,18.6,12.4,29,-0.22,0.56,-0.045,0.58,2792859,2/13/2012
1/2 SM 1/2 AN,(3242494),2/17/2017,786E,GW PREDOMINATE 848A,067X,78,4,3,3,3,3,3,3,3,3,1,77,99,644,682,108,860,840,110,due n,6-May,1060,30,149,79.6,12.7,-0.5,70.8,109.1,0.24,6.4,23.9,59.3,19.2,13.7,20.9,-0.22,0.47,-0.034,0.58,2604178,2/14/2010
1/2 SM 1/2 AN,(3242956),2/17/2017,787E,GW PREMIUM BEEF 021TS,420Z,78,2,4,2,3,2,3,4,2,2,1,78,98,663,709,113,835,832,109,due n,,1030,58,146.3,77.5,13.5,-1.1,66.9,105,0.24,7.2,24,57.4,18,16.4,27,-0.19,0.45,-0.021,0.65,2792967,3/1/2012
5/8 SM 3/8 AN,(3242950),2/25/2017,892E,GW PREMIUM BEEF 021TS,253Y,85,3,3,3,3,3,3,3,3,3,1,84,90,521,566,90,715,707,93,mm,6-May,975,50,138.2,70.9,11.5,0,60.9,97.3,0.23,4.4,21.7,52.1,18.9,15.2,27.2,-0.28,0.38,-0.057,0.66,2658791,2/26/2011
5/8 SM 7/32 AN 5/32 AR,(3243160),2/15/2017,765E,GW RED OAK 295B,132X,82,3,4,2,3,3,3,2,3,3,1,81,94,624,650,103,885,845,109,mo,11-May,1100,68,130.4,74.4,7.4,1.9,81.3,127.3,0.29,3.6,16.3,56.8,20.9,17,32.7,-0.18,0.19,-0.029,0.64,2604206,2/20/2010
5/8 SM 3/8 AN,(3243159),2/23/2017,859E,GW RED OAK 295B,049W,90,3,5,3,4,4,4,3,3,3,1,89,84,676,733,116,930,925,119,227d,6-May,1220,76,136.1,79.8,8.2,2.9,83.4,131,0.3,4.8,20.4,62,18.5,16.9,30.1,-0.17,0.38,-0.039,0.51,2523452,2/20/2009
5/8 SM 1/4 AR 1/8 AN,(3243166),2/23/2017,875E,GW RED OAK 295B,559T,79,3,3,3,3,2,3,3,3,3,1,78,98,511,539,86,755,722,93,mo,9-May,975,91,139.2,71.3,11.7,-0.4,65.3,103.3,0.24,5.2,22.4,55,20.9,16.9,18.3,-0.13,0.3,-0.024,0.34,2424212,2/10/2007
1/2 SM 3/8 AR 1/8 AN,(3289456),2/27/2017,912E,GW RED OAK 295B,950W,80,4,4,3,3,3,3,3,4,3,1,78,102,595,648,104,755,761,101,mo,7-May,1070,28,126.8,75.3,9.4,1.3,79.3,124.1,0.28,4.6,18.8,58.4,16.9,17.3,34.7,-0.2,0.22,-0.045,0.62,2523716,2/10/2009
5/8 SM 1/4 AN 1/8 AR,(3243163),2/27/2017,915E,GW RED OAK 295B,201X,87,4,3,3,3,3,3,3,3,3,1,86,87,562,618,98,810,800,105,mo,,1020,38,127.6,70.6,8.3,2,75.3,117.3,0.26,4.4,19.1,56.7,21,16.1,18.6,-0.27,0.16,-0.055,0.55,2604248,2/27/2010
1/2 SM 1/2 AN,(3242646),3/18/2017,033E,GW SPECIAL OP 198B,255Z,78,3,2,3,3,4,4,3,3,3,1,77,99,510,612,97,670,729,94,mm,6-May,900,29,132.3,70.7,9.6,1.2,59.2,92.9,0.21,6,27.7,57.3,16.3,15,20,-0.19,0.48,-0.031,0.5,2792866,2/14/2012
1/2 SM 1/2 AN,(3242656),2/21/2017,431E,GW SPECIAL OP 198B,379Z,85,4,4,3,3,4,4,3,3,3,1,85,89,654,710,113,885,881,113,mm,9-May,1100,73,140.6,76.5,11,1.3,66.4,104.9,0.24,6.1,28.3,61.5,16.9,17.2,16.5,-0.2,0.53,-0.034,0.46,2792945,2/25/2012
1/2 SM 1/2 AN,(3242649),2/28/2017,926E,GW SPECIAL OP 198B,293X,79,4,3,3,3,3,3,3,3,3,1,78,98,575,634,101,780,784,103,mm,8-May,980,31,141.8,77.7,10.4,0.8,64.4,104.4,0.25,6,23.3,55.4,14.8,14.5,32.3,-0.14,0.63,-0.017,0.6,2604143,3/20/2010
5/8 SM 3/8 AN,(3243193),2/14/2017,758E,GW TRIPLE CROWN 018C,756C,70,3,3,3,3,3,3,2,3,3,1,75,102,573,643,103,785,787,104,mm,8-May,1015,35,154.7,79.8,14.5,-1.6,62.1,101.1,0.24,8.1,24.7,55.7,17.1,15.3,28.7,-0.17,0.62,-0.035,0.53,2954680,3/2/2015
5/8 SM 5/16 AN 1/16 MX,(3243063),2/21/2017,842E,GW WOLFPACK 712A,264X,74,2,2,2,4,3,3,3,2,2,2,73,104,533,571,91,720,707,93,enforcer,8-May,875,72,148.8,72,11,-0.7,56.7,92.4,0.22,4.7,23.6,51.9,22,11.7,8.3,-0.32,0.47,-0.052,0.6,2604278,3/8/2010
5/8 SM 3/8 AN,(3243071),2/28/2017,929E,GW WOLFPACK 712A,740R,78,2,3,2,4,2,3,3,2,2,1,77,99,594,655,104,790,799,105,enforcer,9-May,1000,30,150.2,76.9,10.2,0.3,64.4,101.8,0.23,5.3,24.7,56.8,20.9,12.6,5,-0.31,0.54,-0.054,0.51,2321118,2/8/2005
5/8 SM 3/8 AR,(3242676),3/16/2017,023E,GW YUKON JACK 612B,159W,70,5,3,4,3,4,4,3,4,4,1,69,,567,680,,760,824,,mo,8-May,1020,76,142.5,67.4,14,-1.9,54.2,80.5,0.16,6.3,23.8,50.9,21.7,9.4,19.1,-0.25,0.32,-0.034,0.63,2523653,3/3/2009
3/4 SM 1/8 AN 1/8 AR,(3289451),2/8/2017,716E,GW YUKON JACK 612B,733C,68,3,2,3,3,3,3,3,2,3,1,74,101,569,634,,720,734,,mo,,900,40,162.4,77,17.8,-2.1,61.5,92,0.19,9.6,27,57.7,23.1,9.5,26.1,-0.28,0.47,-0.053,0.67,2954656,2/28/2015
5/8 SM 1/4 AN 1/8 AR,(3242693),2/17/2017,785E,GW YUKON JACK 612B,573A,72,2,2,2,4,3,3,3,2,2,1,73,104,517,555,88,700,684,90,mo,17-May,890,38,164.5,77.6,14.4,-1.4,57.8,86.5,0.18,6.9,24.8,53.7,22.9,11.8,26.3,-0.28,0.65,-0.045,0.73,2708026,3/7/2013
5/8 SM 3/8 AR,(3242690),2/27/2017,921E,GW YUKON JACK 612B,534U,79,3,3,3,3,3,3,3,3,3,2,78,98,571,630,100,765,776,100,mo,3-May,970,79,135.2,70.1,10.9,-0.2,63.3,94.1,0.19,5.4,23.6,55.2,20,12.9,25.8,-0.19,0.32,-0.044,0.46,2472861,2/6/2008
5/8 SM 1/4 AR 1/8 AN,(3242678),3/8/2017,991E,GW YUKON JACK 612B,279Z,88,2,3,2,3,4,4,3,2,2,1,88,85,550,628,100,765,787,101,mo,9-May,950,39,144.5,75.5,8.5,1,67,98.3,0.2,4.3,22.4,55.8,21.2,11.6,27.2,-0.31,0.5,-0.057,0.76,2834610,2/16/2012
5/8 SM 3/8 AN,(3242976),2/13/2017,747E,GW-WBF SUBSTANCE 820Y,782T,74,4,3,3,3,3,3,3,3,3,1,73,104,552,567,90,760,720,94,mm,7-May,985,30,144.5,76.6,13.9,0.3,63.9,103.1,0.25,8.6,22.9,54.8,15.9,13.8,30.1,-0.22,0.54,-0.051,0.57,2424416,3/9/2007
PB SM,(3242965),2/10/2017,726E,HOOK`S XPECTATION 36X,709C,65,2,2,3,3,3,3,3,2,3,1,71,107,523,606,97,680,714,95,227d,18-May,900,67,163,79.4,15.7,-2.9,58.5,84.3,0.16,6.6,29.8,59,20.8,9.8,26.2,-0.38,0.4,-0.076,0.82,2954626,2/26/2015
1/2 SM 1/2 AR,(3242964),2/10/2017,729E,HXC CONQUEST 4405P,749C,55,2,2,2,3,3,3,3,2,2,2,60,122,497,561,90,630,646,85,227d,9-May,760,89,147.7,71.1,16.3,-4.8,52.7,81,0.18,10.1,26.7,52.9,19.6,15.4,2.4,-0.15,0.35,-0.025,0.21,2954663,3/1/2015
5/8 SM 3/8 AN,(3242995),2/8/2017,718E,TFS DUE NORTH 2659Z,721C,85,3,3,3,3,3,3,3,3,3,1,90,83,577,640,103,840,823,109,mm,4-May,1040,79,138.7,75.9,12,1.1,71.2,115.1,0.27,7,24.8,60.4,18.1,13.3,28.6,-0.26,0.36,-0.031,0.83,2954638,2/27/2015
5/8 SM 3/8 AN,(3242563),2/22/2017,216E,TJ MARLBORO MAN 360A,911B,85,3,3,3,3,3,4,4,3,3,1,87,85,482,539,85,700,696,89,bthru,,1085,30,142.6,69.9,11.3,0.8,59.2,94,0.22,5.6,24.4,54,21.4,10,16.1,-0.26,0.42,-0.035,0.63,2832447,2/16/2014
5/8 SM 3/8 AN,(3243139),2/6/2017,712E,TJ MARLBORO MAN 360A,704C,60,2,2,3,3,2,3,3,2,3,2,66,114,509,571,91,650,666,88,bthru,9-May,905,32,158.4,76.3,18,-2.5,57.2,89,0.2,10.2,29.6,58.2,19.9,13.6,15.2,-0.24,0.52,-0.047,0.45,3100841,2/26/2015
5/8 SM 3/8 AN,(3243114),2/10/2017,725E,TJ MARLBORO MAN 360A,403C,60,2,2,2,3,3,3,3,2,2,1,65,115,527,592,95,685,697,92,bthru,11-May,860,39,157.2,77.7,17,-2.9,58.7,93.8,0.22,9.6,30,59.3,19.1,13.3,22.3,-0.19,0.52,-0.035,0.5,2954453,2/11/2015
1/2 SM 1/2 AN,(3243105),2/11/2017,733E,TJ MARLBORO MAN 360A,122Y,69,3,3,3,3,2,3,3,3,3,2,68,111,663,678,108,820,791,104,bthru,,1050,42,167,84.9,18.3,-1.9,64.9,102.6,0.24,11.4,29.1,61.6,17.8,10.6,16.3,-0.22,0.7,-0.028,0.57,2658894,2/10/2011
PB AR,(3242909),4/8/2017,056E,VGW DIRECT DRIVE 512,4Z,74,2,3,2,3,3,3,4,2,2,1,74,103,510,715,114,765,909,117,imperial,5-May,885,97,124.5,75.8,13.4,-2.2,66.7,106.7,0.25,6.2,25.9,59.2,14.1,15.7,23.8,0.1,0.41,0.024,0.08,2717003,1/9/2012
1/2 SM 1/2 AR,(3242912),3/1/2017,537E,VGW DIRECT DRIVE 512,555B,75,3,3,2,3,3,3,3,2,3,2,77,98,573,664,105,705,749,99,mo,7-May,950,32,143.3,74.4,13.4,-1.4,63.1,96.6,0.21,5.1,23.2,54.7,18.1,16,25.9,-0.11,0.43,-0.014,0.44,2832314,2/22/2014
1/2 SM 1/2 AR,(3242865),3/15/2017,021E,5L ADVANTAGE 560-108B,036W,78,4,3,4,3,3,3,3,3,4,2,76,101,517,611,97,770,797,103,mm,9-May,995,46,138.3,74.7,12.4,-0.2,62.6,98.2,0.22,7.2,21.7,53,15.1,10.2,17.1,-0.22,0.5,-0.041,0.47,2523602,2/18/2009
1/2 SM 1/2 AR,(3242885),2/26/2017,909E,5L ADVANTAGE 560-108B,511B,72,4,2,3,3,3,3,3,4,4,1,74,102,550,631,99,685,722,92,mo,7-May,955,52,147.2,76.8,13.7,-1,64.5,93.6,0.18,8.5,21.8,54,18,5.8,26.3,-0.2,0.51,-0.033,0.6,2832404,2/18/2014
1/2 SM 1/2 AR,(3242876),2/27/2017,914E,5L ADVANTAGE 560-108B,300X,83,2,3,2,3,3,3,3,2,2,1,81,94,548,602,96,750,746,98,bthru,8-May,940,45,141.1,73.7,12.2,0.2,60.9,94.7,0.21,6.1,22.7,53.1,17,10.4,25.9,-0.24,0.51,-0.055,0.54,2604267,3/23/2010
1/2 SM 1/2 AN,(3243099),2/15/2017,357E,CCR SPARTAN 9124A,558C,92,3,4,3,3,3,3,3,2,2,1,97,74,579,656,105,755,777,102,jackpot,20-May,1040,60,144.3,80,9.3,2.3,71.6,106.7,0.22,5,19.4,55.2,16.4,15.2,34,-0.1,0.67,-0.019,0.49,2954489,2/15/2015
1/2 SM 1/2 AN,(3243187),2/14/2017,762E,CONNEALY BALANCE,619C,81,2,3,2,3,3,3,3,2,2,1,86,88,486,554,89,785,768,101,mo,12-May,1010,73,135.6,73.8,13.4,0.7,65.7,103.5,0.24,6.6,21,53.8,16.1,13.2,19.1,-0.15,0.55,-0.026,0.39,2954563,2/21/2015
5/8 SM 3/8 AN,(3243021),2/19/2017,801E,GW BAR CK BREAKOUT 667Z,906W,72,3,2,2,3,3,3,3,2,3,1,71,107,581,609,97,725,713,93,mm,14-May,935,58,148.3,79.5,12.3,-0.4,64.5,103.3,0.24,7.8,25.2,57.4,16.4,10.8,33,-0.26,0.6,-0.052,0.7,2523540,2/3/2009
5/8 SM 3/8 AN,(3242448),3/2/2017,945E,GW BAR CK BREAKOUT 667Z,248Z,87,3,3,3,3,3,3,3,2,3,1,87,86,592,664,105,755,780,102,mm,10-May,970,69,151.8,80.5,8.9,1.4,68.6,109.3,0.25,4.5,27.7,62,20.1,15.5,18,-0.32,0.63,-0.066,0.6,2792862,2/13/2012
5/8 SM 11/32 AN 1/32 DS,(3243201),2/12/2017,110E,GW BREAKTHRU 045C,182W,78,3,2,3,3,3,3,3,2,2,1,77,99,628,652,104,855,824,106,mm,11-May,1075,40,155,78.3,14.7,-1,62.5,100.4,0.24,7.9,27.7,58.9,19.3,15.7,28.8,-0.24,0.56,-0.057,0.55,2523497,3/9/2009
5/8 SM 3/8 AN,(3242818),2/13/2017,342E,GW BREAKTHRU 045C,751C,64,2,2,3,2,2,3,3,2,2,1,69,110,507,580,93,675,692,92,mm,6-May,850,72,154.9,77.1,15.3,-2.5,56.1,90.5,0.22,7.4,26.9,54.9,18,13.5,25.8,-0.3,0.58,-0.045,0.79,2954668,3/1/2015
5/8 SM 1/4 AN 1/8 AR,(3242480),3/6/2017,976E,GW CARRY ON Z0219,559B,68,4,2,3,3,3,3,3,3,3,1,70,108,575,687,108,745,807,103,sparky,6-May,990,47,137.4,73.6,15.3,-1.5,70.2,109.4,0.24,8.8,25.4,60.4,19.2,12.7,35,-0.33,0.16,-0.069,0.81,2832261,2/22/2014
5/8 SM 3/8 AN,(3242740),3/25/2017,184E,GW COMMANDER 324B,121Z,71,2,3,2,3,3,3,3,3,2,1,71,107,475,592,94,705,763,98,sparky,15-May,850,81,143.6,66.8,17.9,-2.2,53.9,87.5,0.21,8.1,23.4,50.3,20.7,10.9,12.9,-0.28,0.24,-0.062,0.44,2792815,2/18/2012
5/8 SM 3/8 AN,(3242728),3/17/2017,030E,GW COUNTRY BOY 142B,623T,70,4,3,3,3,3,3,3,3,3,1,69,110,542,668,106,725,805,104,mo,10-May,990,71,129.3,71.8,13.6,-1.4,64,101.5,0.23,7.9,19.2,51.2,14.5,9.8,26.7,-0.37,0.26,-0.081,0.74,2424270,2/16/2007
5/8 SM 3/8 AN,(3242738),2/18/2017,212E,GW COUNTRY BOY 142B,Z210,65,3,2,3,3,3,3,3,3,3,1,65,115,550,585,93,710,702,90,mo,11-May,910,72,151.6,74,16.8,-2.3,58,93.6,0.22,8.4,22.5,51.4,19.5,12.7,22,-0.35,0.42,-0.068,0.74,2793036,2/20/2012
5/8 SM 3/8 AN,(3242717),2/22/2017,854E,GW COUNTRY BOY 142B,476A,66,3,3,3,3,2,2,3,3,3,1,67,112,579,642,102,770,778,102,mo,7-May,955,47,148.3,76.5,17.5,-2.8,64.7,104.2,0.25,9.3,24.7,57.1,18.2,12.1,33,-0.31,0.32,-0.073,0.71,2708046,2/24/2013
5/8 SM 3/8 AN,(3242592),3/15/2017,018E,GW GOLDEN EAGLE 015B,508B,73,2,2,2,3,3,3,3,2,2,1,75,102,484,598,95,670,731,94,mm,8-May,855,50,140.7,70,15.1,-0.9,59.4,96.2,0.23,7.9,25.8,55.5,19.3,11.5,29.5,-0.2,0.32,-0.053,0.49,2833388,2/18/2014
5/8 SM 3/8 AN,(3242589),2/20/2017,819E,GW GOLDEN EAGLE 015B,478B,88,3,3,2,3,3,3,,3,3,3,90,81,584,651,103,805,807,106,mm,3-May,1140,81,133.8,69.6,13.3,1,65.6,108.4,0.27,6,22.9,55.7,19,11.8,25.5,-0.22,0.25,-0.047,0.53,2832100,2/15/2014
5/8 SM 3/8 AN,(3242594),2/25/2017,890E,GW GOLDEN EAGLE 015B,532A,85,2,4,2,3,3,3,3,2,3,1,86,87,548,608,97,825,813,105,mm,12-May,1005,63,141.5,72.3,13.1,1,64.1,107.2,0.27,7.2,28.2,60.2,19.9,14.2,27.5,-0.25,0.37,-0.05,0.62,2710217,2/28/2013
5/8 SM 3/8 AN,(3242782),2/15/2017,767E,GW JACKPOT 027C,485B,82,4,3,3,3,4,4,3,3,3,1,84,89,626,687,108,855,848,112,sparky,,1050,65,159.8,82.6,12.3,-0.1,71.6,115.6,0.28,7.1,22.6,58.3,21.4,15,23.3,-0.26,0.58,-0.033,0.73,2832134,2/16/2014
5/8 SM 3/8 AN,(3242778),3/1/2017,934E,GW JACKPOT 027C,445A,68,4,3,3,4,3,3,3,3,3,2,69,110,494,559,89,755,752,97,sparky,6-May,940,41,160.5,75.5,16.4,-2.1,56.4,92.5,0.23,10.5,25.1,53.3,21.6,16,16.7,-0.25,0.53,-0.04,0.58,2708402,2/21/2013
1/2 SM 1/2 AN,(3242789),3/6/2017,978E,GW JACKPOT 027C,582B,81,3,3,3,3,3,3,2,3,3,2,83,91,536,627,99,750,781,100,bthru,15-May,960,41,151.3,79.5,14.3,0.7,65.8,106.2,0.25,10.3,23.4,56.3,16.5,13.4,33.6,-0.18,0.64,-0.024,0.69,2833367,2/25/2014
5/8 SM 3/8 AN,(3242635),3/6/2017,971E,GW QUANTUM LEAP 117B,536B,75,2,2,2,3,3,3,3,2,3,2,77,98,536,637,100,720,765,101,sparky,13-May,900,70,142.6,74.6,15.3,-0.8,66.9,107.7,0.26,8.8,26.5,59.9,18.5,7.7,27.3,-0.15,0.33,-0.034,0.44,2833346,2/20/2014
1/2 SM 1/2 AN,(3242651),2/16/2017,775E,GW SPECIAL OP 198B,324A,72,2,2,3,2,2,3,3,3,3,1,72,106,560,594,94,675,672,88,mm,9-May,900,55,143.6,74.6,13.1,-0.1,57.5,89.8,0.2,8.1,26.8,55.5,15.5,15.4,34.9,-0.14,0.61,-0.017,0.63,2708226,2/8/2013
5/8 SM 9/32 AR 3/32 AN,(3242688),2/25/2017,893E,GW YUKON JACK 612B,496B,83,3,3,2,4,3,3,3,2,3,1,85,88,567,641,101,775,787,104,mo,6-May,995,65,148.7,77.2,11.9,0.7,67.3,102,0.22,6.3,24.1,57.7,20.2,11.8,27.7,-0.3,0.51,-0.048,0.82,3018895,2/17/2014
3/8 SM 1/2 AR 1/8 AN,(3243170),2/15/2017,768E,REDHILL T189 MEDAL 176A,635Y,70,2,2,3,3,2,2,2,2,3,1,68,111,573,596,95,695,678,89,mo,4-May,965,74,126.4,68.4,13.4,-2.2,60.8,91.8,0.19,7,19.7,50,16.1,16.2,15.8,-0.03,0.35,0.003,0.21,2658735,2/14/2011
1/2 SM 1/2 AR,(3243168),2/24/2017,883E,REDHILL T189 MEDAL 176A,389Z,80,2,3,3,3,2,2,3,3,3,1,79,97,569,618,98,730,729,96,imperial,12-May,955,60,128.6,67.2,12.1,-0.5,60.7,94.7,0.21,6.1,20.8,51.1,18.4,17.3,17.2,-0.06,0.38,-0.007,0.24,2792950,2/26/2012
5/8 SM 3/8 AN,(3242431),3/12/2017,004E,TFS DUE NORTH 2659Z,223X,83,3,3,2,3,4,4,3,3,3,1,82,93,566,660,105,800,836,108,mm,7-May,1030,60,145.5,76.5,13.9,-0.3,67.6,106.5,0.24,7.7,26.6,60.3,19,13.5,30.3,-0.29,0.4,-0.024,0.98,2604256,3/1/2010
5/8 SM 3/8 AN,(3289452),2/15/2017,774E,TFS DUE NORTH 2659Z,643C,52,3,2,3,3,3,3,3,3,3,2,51,,415,428,,665,616,,mm,7-May,795,74,151.6,80.7,14.6,-0.1,73.5,113.3,0.25,7.6,20.2,56.9,19.2,12.4,21.4,-0.31,0.45,-0.042,0.8,2954595,2/22/2015
5/8 SM 3/8 AN,(3242433),3/7/2017,982E,TFS DUE NORTH 2659Z,431B,72,4,2,4,3,3,3,3,3,3,1,74,102,529,631,99,710,760,97,mm,9-May,965,43,150.9,75.8,17.3,-1.7,61.3,97.2,0.22,9.1,27.3,57.8,18.5,14.7,20,-0.3,0.44,-0.03,0.83,2832246,2/10/2014
5/8 SM 3/8 AN,(3242542),2/26/2017,157E,TJ MARLBORO MAN 360A,319Z,95,4,3,4,3,4,4,4,4,3,1,95,76,587,644,102,815,813,105,bthru,12-May,1050,65,150.7,77.2,12.4,1.7,66.3,108.5,0.26,8,27.6,60.7,20,9.1,12.5,-0.22,0.56,-0.025,0.53,2792902,2/20/2012
5/8 SM 3/8 AN,(3242553),2/9/2017,720E,TJ MARLBORO MAN 360A,589C,72,2,2,3,4,2,2,3,2,3,1,77,100,538,600,96,735,734,97,bthru,10-May,885,73,150.2,76.1,15.5,-1.4,63.1,99.1,0.23,7.9,30.1,61.6,19.6,14.5,32.1,-0.2,0.43,-0.019,0.77,2954524,2/17/2015
5/8 SM 3/8 AN,(3243113),2/19/2017,803E,TJ MARLBORO MAN 360A,377Z,75,3,3,3,3,3,3,3,2,3,1,75,102,606,651,103,805,794,104,bthru,8-May,1000,78,142.2,75.7,13.4,-0.7,65.5,103.4,0.24,7.1,30.9,63.6,17.9,14.7,14.1,-0.17,0.4,-0.03,0.37,2792943,2/25/2012
1/2 SM 1/2 AN,(3243103),2/25/2017,895E,TJ MARLBORO MAN 360A,111W,71,2,2,2,3,3,3,3,2,2,2,70,108,0,,,755,,,bthru,3-May,870,84,159.6,77.9,16.3,-1.6,55.7,88.7,0.21,10.1,29.3,57.1,18.2,11.4,17.8,-0.12,0.69,-0.011,0.4,2523470,2/26/2009
5/8 SM 3/8 AN,(3243112),2/26/2017,907E,TJ MARLBORO MAN 360A,248X,78,3,3,2,3,3,3,3,2,2,1,77,99,547,596,95,755,748,98,bthru,10-May,960,70,150.8,75.4,13.2,0.2,61.8,98.4,0.23,8.6,26.3,57.2,20,9.6,24.4,-0.15,0.55,-0.019,0.5,2604273,3/5/2010
1/2 SM 1/2 AN,(3242547),3/8/2017,993E,TJ MARLBORO MAN 360A,428A,66,2,3,2,4,3,3,3,2,2,2,66,114,584,680,108,690,751,98,bthru,10-May,905,69,165.4,81.8,18,-2.5,64.4,103.6,0.24,11,28.8,61,20.3,10.7,24.2,-0.12,0.58,-0.009,0.5,2707837,2/20/2013
1/2 SM 1/2 AN,(3243101),2/8/2017,715E,CCR SPARTAN 9124A,655U,72,2,3,3,3,2,3,3,2,3,2,71,107,572,574,91,710,674,88,due n,6-May,940,92,142.3,74.2,13.7,-0.7,61.3,91.4,0.19,8.4,25.6,56.2,17,10,27.8,-0.15,0.48,-0.025,0.51,2473383,2/19/2008
1/2 SM 1/2 AN,(3289453),2/16/2017,776E,CCR SPARTAN 9124A,537T,70,3,4,3,3,3,3,3,3,3,2,69,113,542,564,91,665,653,87,jackpot,15-May,865,84,145.9,70.3,12.5,-0.5,54.2,80.7,0.17,8.6,24.7,51.8,20.2,9.8,22.6,-0.15,0.52,-0.026,0.45,2424191,2/8/2007
5/8 SM 3/8 AN,(3243088),2/20/2017,817E,CCR SPARTAN 9124A,224Y,80,2,2,2,3,3,3,3,2,2,1,79,97,541,574,91,715,700,92,mm,6-May,950,90,137.5,73.3,11.1,0.3,66.4,98.3,0.2,7.7,18.6,51.8,18,15.4,28.8,-0.15,0.42,-0.029,0.5,2658836,2/22/2011
5/8 SM 3/8 AN,(3243007),2/15/2017,117E,GW BAR CK BREAKOUT 667Z,0441B,76,2,2,2,3,3,3,3,2,2,1,78,97,556,608,96,820,801,102,mm,11-May,925,91,146.2,76.9,9.7,1.1,65.8,108.6,0.27,6.3,25.8,58.7,19.4,13.6,36.3,-0.31,0.53,-0.079,0.72,2832516,2/12/2014
5/8 SM 3/8 AN,(3242457),2/24/2017,152E,GW BAR CK BREAKOUT 667Z,506U,94,3,4,3,3,3,4,3,3,3,1,93,78,654,713,113,810,829,107,mm,10-May,1140,90,140.2,75.6,8.3,2.8,69.5,106.8,0.23,4,23.7,58.4,19.2,12.5,26.1,-0.24,0.53,-0.064,0.47,2594286,2/5/2008
5/8 SM 3/8 AN,(3243023),2/21/2017,829E,GW BAR CK BREAKOUT 667Z,918TS,75,2,2,2,3,3,3,3,2,2,1,74,103,492,517,82,675,655,84,mm,8-May,895,93,140.8,71.9,11.9,0.4,56.3,92.3,0.23,6.8,25.2,53.3,16.9,13.2,34.7,-0.28,0.53,-0.059,0.75,2379005,2/20/2006
5/8 SM 3/8 AN,(3243026),2/23/2017,864E,GW BAR CK BREAKOUT 667Z,Z2051,81,2,3,2,3,3,3,2,2,3,2,81,94,538,586,93,720,717,94,mm,8-May,940,91,131.5,70,8.4,1.2,61.9,100.1,0.24,4.6,25.2,56.1,18.5,12,36.9,-0.35,0.37,-0.085,0.78,2793035,2/16/2012
5/8 SM 3/8 AN,(3242444),2/27/2017,917E,GW BAR CK BREAKOUT 667Z,213X,92,3,4,2,3,3,3,3,2,2,3,91,81,534,570,91,750,732,94,mm,12-May,985,93,126.9,70.8,7.5,2,61.8,101.2,0.25,4.1,29.7,60.6,15.5,10.7,35.5,-0.25,0.45,-0.061,0.64,2604288,2/28/2010
5/8 SM 3/8 AN,(3289486),3/1/2017,162E,GW BREAKTHRU 045C,774U,82,3,3,3,3,3,3,3,2,2,1,81,98,546,595,96,755,752,97,mm,14-May,975,87,147.2,76.2,11.8,0,64.4,102.7,0.24,7.2,17.6,49.7,18.5,12.9,24.6,-0.23,0.53,-0.045,0.55,2473439,3/4/2008
5/8 SM 3/8 AN,(3242798),3/4/2017,964E,GW BREAKTHRU 045C,026W,80,3,3,3,3,3,3,3,2,2,1,79,97,458,494,78,675,657,85,mm,8-May,990,94,162.8,78,14.4,-1.4,51.9,85.6,0.21,7.2,26.2,52.1,18.4,15.3,34.7,-0.13,0.81,-0.022,0.56,2523596,2/18/2009
5/8 SM 3/8 AN,(3242487),3/27/2017,042E,GW CARRY ON Z0219,842TS,85,2,2,2,3,3,2,3,2,2,1,84,90,459,571,91,635,704,91,mm,6-May,850,88,134.8,70.8,13.5,-0.3,62.5,99.2,0.23,7.3,26,57.2,17.6,16.1,32.9,-0.24,0.31,-0.054,0.63,2378936,2/11/2006
5/8 SM 1/4 AN 1/8 AR,(3242464),2/25/2017,894E,GW CARRY ON Z0219,207W,83,2,3,2,3,3,3,2,3,3,1,82,93,337,342,,720,631,,jackpot,5-May,905,100,132,69.1,12.9,-0.3,64.3,106.1,0.26,6.8,23,55.1,18.9,14,25.9,-0.25,0.19,-0.051,0.61,2523674,3/16/2009
5/8 SM 3/8 AN,(3242749),3/18/2017,230E,GW COMMANDER 324B,T709,81,2,2,2,3,3,3,3,2,3,1,80,95,434,521,83,650,683,88,mm,10-May,960,91,124.5,63.2,13.6,0,56.3,90.4,0.21,8.1,23.4,51.5,17.6,8.8,20.7,-0.33,0.16,-0.082,0.55,2424478,2/28/2007
5/8 SM 3/8 AN,(3242711),3/14/2017,013E,GW COUNTRY BOY 142B,401Y,67,2,3,2,3,3,3,3,2,3,1,66,114,456,529,84,680,696,90,mo,17-May,880,84,155.3,73.6,17.2,-3.7,54.7,91.9,0.23,8.1,27.3,54.6,20.8,13.4,30.5,-0.28,0.4,-0.053,0.73,2658807,3/30/2011
3/4 SM 3/16 AN 1/32 DS 1/32 TA,(3242736),3/17/2017,028E,GW COUNTRY BOY 142B,738TS,89,3,4,3,4,4,3,3,3,3,1,88,85,599,746,119,790,890,114,mo,6-May,1180,91,133,71.6,13.6,0.3,69.5,109.8,0.25,6.6,23,57.8,18.8,15.3,31.1,-0.38,0.18,-0.092,0.76,2447256,3/31/2006
5/8 SM 3/8 AN,(3242705),2/24/2017,477E,GW COUNTRY BOY 142B,212Z,87,2,3,2,4,3,3,3,2,2,1,87,86,577,633,101,735,749,96,mo,9-May,920,96,139.1,72.9,14,-0.3,62.9,101.1,0.24,6.1,22.6,54,17.4,16.8,39.7,-0.39,0.36,-0.089,0.9,2834600,2/9/2012
5/8 SM 3/8 AN,(3242587),3/28/2017,044E,GW GOLDEN EAGLE 015B,463B,72,2,2,2,3,3,3,3,2,2,1,74,102,436,570,90,598,685,88,mm,6-May,895,91,140.2,68.8,14.8,-1.3,58.1,94.9,0.23,5.7,26.2,55.2,20.1,14.3,24.1,-0.22,0.28,-0.047,0.51,2832056,2/14/2014
3/4 SM 1/4 AN,(3242568),4/3/2017,050E,GW GOLDEN EAGLE 015B,106Y,75,3,2,3,3,3,3,3,2,3,1,74,103,432,571,91,635,723,93,mm,6-May,875,92,142.5,66.7,19.1,-1.1,56.9,91.3,0.22,9.7,26.6,55,21,13.6,26.9,-0.29,0.2,-0.08,0.51,2658847,2/7/2011
1/2 SM 1/2 AN,(3242600),2/18/2017,127E,GW GOLDEN EAGLE 015B,700T,83,4,3,3,3,3,3,3,3,3,1,82,93,609,643,102,870,841,108,mm,9-May,1090,93,135.5,69.9,14.8,-0.4,61.6,100.1,0.24,7.8,21,51.7,17.3,11.2,21.5,-0.23,0.29,-0.055,0.45,2424340,2/24/2007
5/8 SM 3/8 AN,(3242795),2/21/2017,143E,GW JACKPOT 027C,834B,62,3,2,3,3,3,3,3,2,3,1,64,116,469,525,83,730,715,91,sparky,13-May,860,88,160.8,78.1,18.3,-2.8,57.1,92.3,0.22,9.8,24.7,53.2,18.5,15.1,34.9,-0.24,0.59,-0.032,0.83,2832299,2/19/2014
5/8 SM 3/8 AN,(3242539),3/1/2017,161E,GW MARSHALL 756A,836U,81,3,3,3,3,3,3,3,3,3,1,80,95,0,,,830,,,mm,12-May,1095,83,127.8,70.9,10.8,0.4,64.2,99.2,0.22,4.5,21.2,53.2,15.1,16.2,23,-0.15,0.37,-0.022,0.48,2472978,3/26/2008
5/8 SM 3/8 AN,(3242531),3/2/2017,165E,GW MARSHALL 756A,249W,92,3,4,3,3,3,3,3,3,2,1,91,81,641,714,113,900,909,117,mm,13-May,1060,86,142.8,79.1,9.2,2,74.4,116,0.26,4.4,20.2,57.3,18.3,16,19.7,-0.18,0.53,-0.031,0.46,2523528,4/14/2009
1/2 SM 1/2 AN,(3242537),3/13/2017,180E,GW MARSHALL 756A,655T,78,3,3,2,4,3,3,3,2,2,3,77,99,527,612,97,745,776,100,mm,9-May,1040,88,130.7,72,11.7,0.1,65.2,98.7,0.21,6.5,20.3,52.8,15.6,15.2,29.4,-0.24,0.36,-0.039,0.71,2424299,2/20/2007
5/8 SM 3/8 AN,(3242525),3/22/2017,182E,GW MARSHALL 756A,070X,80,2,2,2,3,2,2,3,2,2,1,79,97,519,633,101,705,772,99,mm,6-May,850,92,146.5,76.7,13.6,-0.2,68.1,102.5,0.22,6.4,20.9,54.9,19.2,17.5,27.7,-0.26,0.44,-0.041,0.72,2604174,2/14/2010
5/8 SM 3/8 AN,(3242540),3/18/2017,232E,GW MARSHALL 756A,919B,78,2,3,2,3,4,4,3,2,2,2,80,95,472,587,93,740,783,100,mm,17-May,1135,91,139.2,75.4,11.1,0.4,65.6,104.4,0.24,5.1,19.6,52.3,16.4,17.7,25.4,-0.28,0.48,-0.047,0.7,2832301,2/22/2014
5/8 SM 1/4 AN 1/8 AR,(3242840),3/14/2017,011E,GW MOVIN ON 183C,329Z,67,2,3,2,3,3,3,3,2,3,1,66,114,474,551,88,765,767,99,quant,13-May,915,93,152.6,76,16.1,-3.6,61.3,100.6,0.25,7.7,22.6,53.2,19.8,17.8,31.4,-0.23,0.38,-0.043,0.66,2792909,2/21/2012
5/8 SM 3/8 AN,(3289463),3/9/2017,995E,GW PREDOMINATE 848A,711A,79,3,2,3,3,3,3,2,3,3,1,79,100,525,615,99,690,734,95,mm,12-May,890,85,134.3,74.9,9.7,0.2,67.7,103.3,0.22,4,22.5,56.3,16.6,15,25.6,-0.27,0.41,-0.06,0.6,2708204,2/5/2013
5/8 SM 3/8 AN,(3289459),2/27/2017,924E,GW PREMIUM BEEF 021TS,148Y,80,2,2,2,4,4,4,3,2,2,1,79,100,502,545,88,725,712,92,due n,4-May,910,92,152.5,74.8,13.6,-1.4,56.6,92.8,0.23,6.2,25.4,53.6,19.7,13.9,24.3,-0.29,0.54,-0.051,0.71,2658782,2/13/2011
5/8 SM 3/8 AN,(3242973),2/25/2017,891E,GW-WBF SUBSTANCE 820Y,306Y,94,2,4,3,3,4,4,3,2,2,1,93,78,648,701,111,920,900,118,mm,8-May,1105,92,131.8,78.6,10,2.5,74.3,119.2,0.28,6.5,22.7,59.8,13.4,16,27.3,-0.33,0.48,-0.072,0.69,2658900,3/5/2011
PB SM,(3243183),2/21/2017,142E,HOOK`S BEACON 56B,561U,70,2,4,4,4,2,3,2,3,3,1,69,110,605,663,105,770,787,101,sparky,30-Apr,964,104,166.2,80.8,17,-2.7,60.7,91.7,0.19,9.7,29.5,59.8,21.1,11,21.3,-0.39,0.39,-0.068,0.85,2473340,2/10/2008
5/8 SM 3/8 AN,(3242429),3/12/2017,177E,TFS DUE NORTH 2659Z,203Y,67,2,2,2,3,3,3,3,2,2,1,66,114,493,571,91,680,710,91,mm,18-May,860,88,145.1,75.5,13.1,-1.2,60,92.6,0.2,6.5,26.6,56.5,17.3,12.8,28.7,-0.31,0.5,-0.039,0.92,2658736,2/19/2011
5/8 SM 3/8 AN,(3242548),3/13/2017,007E,TJ MARLBORO MAN 360A,442Z,64,2,2,3,3,3,3,3,2,2,1,64,116,476,557,88,665,696,90,bthru,10-May,860,88,165.7,75.7,19.7,-2.7,55.5,90.1,0.22,11.4,29.3,57,22.4,10.6,14.4,-0.25,0.51,-0.042,0.51,2834614,3/6/2012
1/2 SM 1/2 AN,(3243107),2/21/2017,841E,TJ MARLBORO MAN 360A,176Y,88,2,4,2,3,3,3,3,2,2,2,87,86,616,661,105,805,798,105,bthru,11-May,985,83,151.8,79.8,12.3,1.2,67.2,103.9,0.23,7.5,27.7,61.2,18.2,11.6,28.6,-0.07,0.67,-0.007,0.41,2658750,2/15/2011
1/2 SM 1/2 AN,(3243188),2/12/2017,740E,CONNEALY BALANCE,620C,72,3,2,3,2,2,2,3,3,3,1,77,100,525,594,95,750,751,99,mo,3-May,940,51,132.2,73.6,13.7,-0.8,63.9,99.8,0.22,7.2,20.5,52.4,14.4,15.1,15.7,-0.18,0.51,-0.016,0.55,2954562,2/21/2015
,,,008E,,479B,,4,2,3,3,3,3,3,3,3,1,,,,,,,,,,,925,97,,,,,,,,,,,,,,,,,,,
